CpG context (R1)
================
position	count methylated	count unmethylated	% methylation	coverage
1	482	82	85.46	564
2	465	90	83.78	555
3	477	108	81.54	585
4	494	87	85.03	581
5	525	96	84.54	621
6	523	99	84.08	622
7	512	84	85.91	596
8	468	115	80.27	583
9	512	94	84.49	606
10	481	85	84.98	566
11	504	78	86.60	582
12	451	98	82.15	549
13	518	104	83.28	622
14	479	103	82.30	582
15	516	93	84.73	609
16	438	83	84.07	521
17	461	98	82.47	559
18	458	75	85.93	533
19	427	95	81.80	522
20	476	91	83.95	567
21	484	84	85.21	568
22	490	85	85.22	575
23	485	93	83.91	578
24	487	105	82.26	592
25	489	90	84.46	579
26	453	98	82.21	551
27	411	78	84.05	489
28	452	105	81.15	557
29	433	86	83.43	519
30	514	91	84.96	605
31	465	96	82.89	561
32	461	109	80.88	570
33	421	81	83.86	502
34	462	101	82.06	563
35	441	82	84.32	523
36	456	93	83.06	549
37	468	98	82.69	566
38	469	96	83.01	565
39	444	97	82.07	541
40	429	104	80.49	533
41	451	99	82.00	550
42	452	96	82.48	548
43	467	88	84.14	555
44	451	87	83.83	538
45	454	101	81.80	555
46	414	85	82.97	499
47	464	98	82.56	562
48	456	96	82.61	552
49	463	93	83.27	556
50	423	96	81.50	519
51	460	101	82.00	561
52	447	90	83.24	537
53	443	97	82.04	540
54	462	116	79.93	578
55	440	104	80.88	544
56	454	103	81.51	557
57	425	93	82.05	518
58	439	108	80.26	547
59	405	85	82.65	490
60	450	93	82.87	543
61	439	95	82.21	534
62	405	94	81.16	499
63	467	90	83.84	557
64	466	104	81.75	570
65	450	96	82.42	546
66	405	77	84.02	482
67	423	104	80.27	527
68	464	99	82.42	563
69	432	105	80.45	537
70	447	108	80.54	555
71	454	85	84.23	539
72	461	101	82.03	562
73	472	101	82.37	573
74	442	93	82.62	535
75	441	106	80.62	547
76	412	89	82.24	501
77	428	102	80.75	530
78	453	98	82.21	551
79	429	105	80.34	534
80	403	90	81.74	493
81	271	49	84.69	320

CHG context (R1)
================
position	count methylated	count unmethylated	% methylation	coverage
1	8	2442	0.33	2450
2	13	2443	0.53	2456
3	14	2441	0.57	2455
4	13	2525	0.51	2538
5	9	2480	0.36	2489
6	13	2561	0.51	2574
7	14	2582	0.54	2596
8	11	2587	0.42	2598
9	11	2469	0.44	2480
10	8	2427	0.33	2435
11	10	2427	0.41	2437
12	11	2421	0.45	2432
13	11	2448	0.45	2459
14	15	2525	0.59	2540
15	9	2490	0.36	2499
16	6	2542	0.24	2548
17	15	2567	0.58	2582
18	14	2483	0.56	2497
19	6	2454	0.24	2460
20	13	2510	0.52	2523
21	9	2497	0.36	2506
22	14	2451	0.57	2465
23	13	2500	0.52	2513
24	21	2507	0.83	2528
25	11	2487	0.44	2498
26	12	2514	0.48	2526
27	10	2457	0.41	2467
28	10	2485	0.40	2495
29	6	2395	0.25	2401
30	8	2562	0.31	2570
31	16	2503	0.64	2519
32	12	2518	0.47	2530
33	8	2527	0.32	2535
34	7	2484	0.28	2491
35	16	2452	0.65	2468
36	15	2405	0.62	2420
37	8	2417	0.33	2425
38	11	2504	0.44	2515
39	8	2471	0.32	2479
40	12	2472	0.48	2484
41	13	2444	0.53	2457
42	11	2430	0.45	2441
43	9	2423	0.37	2432
44	9	2575	0.35	2584
45	10	2494	0.40	2504
46	9	2433	0.37	2442
47	9	2399	0.37	2408
48	13	2433	0.53	2446
49	12	2474	0.48	2486
50	6	2514	0.24	2520
51	5	2368	0.21	2373
52	12	2356	0.51	2368
53	17	2468	0.68	2485
54	9	2506	0.36	2515
55	12	2491	0.48	2503
56	12	2395	0.50	2407
57	13	2443	0.53	2456
58	15	2375	0.63	2390
59	11	2582	0.42	2593
60	13	2419	0.53	2432
61	7	2387	0.29	2394
62	8	2436	0.33	2444
63	5	2570	0.19	2575
64	10	2448	0.41	2458
65	13	2516	0.51	2529
66	13	2424	0.53	2437
67	6	2441	0.25	2447
68	7	2410	0.29	2417
69	9	2434	0.37	2443
70	8	2487	0.32	2495
71	12	2397	0.50	2409
72	13	2548	0.51	2561
73	15	2541	0.59	2556
74	10	2594	0.38	2604
75	8	2476	0.32	2484
76	7	2487	0.28	2494
77	14	2512	0.55	2526
78	9	2452	0.37	2461
79	9	2390	0.38	2399
80	16	2092	0.76	2108
81	5	1406	0.35	1411

CHH context (R1)
================
position	count methylated	count unmethylated	% methylation	coverage
1	34	8428	0.40	8462
2	28	8510	0.33	8538
3	43	8644	0.49	8687
4	36	8550	0.42	8586
5	38	8490	0.45	8528
6	28	8641	0.32	8669
7	29	8532	0.34	8561
8	32	8547	0.37	8579
9	31	8444	0.37	8475
10	31	8608	0.36	8639
11	38	8718	0.43	8756
12	32	8632	0.37	8664
13	31	8731	0.35	8762
14	41	8737	0.47	8778
15	36	8732	0.41	8768
16	36	8855	0.40	8891
17	38	8809	0.43	8847
18	37	8761	0.42	8798
19	33	8901	0.37	8934
20	43	9055	0.47	9098
21	40	8844	0.45	8884
22	38	8714	0.43	8752
23	41	8683	0.47	8724
24	32	8593	0.37	8625
25	30	8515	0.35	8545
26	36	8408	0.43	8444
27	35	8552	0.41	8587
28	32	8500	0.38	8532
29	34	8629	0.39	8663
30	36	8854	0.40	8890
31	24	8646	0.28	8670
32	42	8591	0.49	8633
33	35	8534	0.41	8569
34	37	8365	0.44	8402
35	33	8330	0.39	8363
36	30	8367	0.36	8397
37	30	8585	0.35	8615
38	36	8372	0.43	8408
39	29	8657	0.33	8686
40	44	8689	0.50	8733
41	41	8573	0.48	8614
42	26	8640	0.30	8666
43	35	8587	0.41	8622
44	26	8454	0.31	8480
45	36	8542	0.42	8578
46	33	8427	0.39	8460
47	35	8681	0.40	8716
48	39	8628	0.45	8667
49	37	8704	0.42	8741
50	32	8638	0.37	8670
51	41	8664	0.47	8705
52	29	8580	0.34	8609
53	29	8524	0.34	8553
54	30	8497	0.35	8527
55	36	8543	0.42	8579
56	32	8448	0.38	8480
57	29	8508	0.34	8537
58	28	8665	0.32	8693
59	31	8395	0.37	8426
60	39	8248	0.47	8287
61	32	8553	0.37	8585
62	33	8502	0.39	8535
63	46	8564	0.53	8610
64	40	8518	0.47	8558
65	32	8503	0.37	8535
66	37	8426	0.44	8463
67	34	8488	0.40	8522
68	35	8593	0.41	8628
69	31	8401	0.37	8432
70	41	8545	0.48	8586
71	27	8627	0.31	8654
72	31	8751	0.35	8782
73	40	8712	0.46	8752
74	37	8529	0.43	8566
75	43	8550	0.50	8593
76	38	8437	0.45	8475
77	33	8518	0.39	8551
78	23	8438	0.27	8461
79	35	8366	0.42	8401
80	29	7844	0.37	7873
81	22	5206	0.42	5228

CpG context (R2)
================
position	count methylated	count unmethylated	% methylation	coverage
1	423	158	72.81	581
2	472	112	80.82	584
3	448	98	82.05	546
4	440	123	78.15	563
5	457	105	81.32	562
6	503	115	81.39	618
7	498	93	84.26	591
8	515	97	84.15	612
9	509	88	85.26	597
10	521	91	85.13	612
11	520	86	85.81	606
12	499	112	81.67	611
13	502	94	84.23	596
14	547	88	86.14	635
15	506	119	80.96	625
16	458	99	82.23	557
17	474	89	84.19	563
18	518	105	83.15	623
19	493	91	84.42	584
20	468	104	81.82	572
21	467	94	83.24	561
22	473	98	82.84	571
23	486	91	84.23	577
24	493	103	82.72	596
25	513	95	84.38	608
26	473	87	84.46	560
27	494	103	82.75	597
28	452	82	84.64	534
29	462	97	82.65	559
30	469	100	82.43	569
31	456	105	81.28	561
32	450	96	82.42	546
33	464	98	82.56	562
34	414	106	79.62	520
35	453	102	81.62	555
36	420	96	81.40	516
37	454	83	84.54	537
38	397	90	81.52	487
39	412	93	81.58	505
40	442	85	83.87	527
41	465	86	84.39	551
42	442	104	80.95	546
43	399	115	77.63	514
44	444	84	84.09	528
45	403	98	80.44	501
46	419	92	82.00	511
47	426	86	83.20	512
48	400	91	81.47	491
49	395	75	84.04	470
50	409	103	79.88	512
51	394	106	78.80	500
52	360	90	80.00	450
53	378	88	81.12	466
54	412	107	79.38	519
55	405	105	79.41	510
56	365	83	81.47	448
57	393	84	82.39	477
58	362	68	84.19	430
59	325	66	83.12	391
60	349	73	82.70	422
61	355	78	81.99	433
62	351	73	82.78	424
63	359	90	79.96	449
64	338	84	80.09	422
65	327	72	81.95	399
66	322	92	77.78	414
67	318	76	80.71	394
68	319	73	81.38	392
69	286	52	84.62	338
70	281	66	80.98	347
71	296	77	79.36	373
72	274	74	78.74	348
73	294	57	83.76	351
74	266	65	80.36	331
75	253	47	84.33	300
76	237	46	83.75	283
77	194	55	77.91	249
78	235	52	81.88	287
79	214	57	78.97	271
80	228	46	83.21	274
81	109	15	87.90	124

CHG context (R2)
================
position	count methylated	count unmethylated	% methylation	coverage
1	170	2510	6.34	2680
2	105	2684	3.76	2789
3	49	2527	1.90	2576
4	26	2526	1.02	2552
5	19	2530	0.75	2549
6	15	2554	0.58	2569
7	17	2519	0.67	2536
8	7	2594	0.27	2601
9	11	2512	0.44	2523
10	10	2541	0.39	2551
11	8	2563	0.31	2571
12	16	2482	0.64	2498
13	9	2585	0.35	2594
14	17	2500	0.68	2517
15	12	2439	0.49	2451
16	10	2490	0.40	2500
17	15	2357	0.63	2372
18	13	2490	0.52	2503
19	9	2482	0.36	2491
20	8	2535	0.31	2543
21	9	2392	0.37	2401
22	11	2417	0.45	2428
23	9	2435	0.37	2444
24	9	2551	0.35	2560
25	11	2474	0.44	2485
26	12	2554	0.47	2566
27	9	2496	0.36	2505
28	15	2517	0.59	2532
29	10	2499	0.40	2509
30	15	2429	0.61	2444
31	9	2419	0.37	2428
32	9	2406	0.37	2415
33	4	2390	0.17	2394
34	8	2427	0.33	2435
35	7	2290	0.30	2297
36	12	2429	0.49	2441
37	5	2448	0.20	2453
38	12	2365	0.50	2377
39	13	2321	0.56	2334
40	7	2328	0.30	2335
41	11	2427	0.45	2438
42	10	2274	0.44	2284
43	11	2351	0.47	2362
44	13	2339	0.55	2352
45	12	2360	0.51	2372
46	8	2339	0.34	2347
47	10	2235	0.45	2245
48	11	2207	0.50	2218
49	7	2243	0.31	2250
50	10	2235	0.45	2245
51	5	2179	0.23	2184
52	13	2214	0.58	2227
53	11	2093	0.52	2104
54	10	2157	0.46	2167
55	11	2033	0.54	2044
56	8	2004	0.40	2012
57	7	2067	0.34	2074
58	11	2075	0.53	2086
59	11	2017	0.54	2028
60	10	1981	0.50	1991
61	8	1935	0.41	1943
62	11	1983	0.55	1994
63	6	1911	0.31	1917
64	5	1884	0.26	1889
65	6	1852	0.32	1858
66	8	1691	0.47	1699
67	4	1751	0.23	1755
68	6	1738	0.34	1744
69	3	1714	0.17	1717
70	7	1653	0.42	1660
71	7	1573	0.44	1580
72	7	1499	0.46	1506
73	12	1449	0.82	1461
74	10	1401	0.71	1411
75	10	1383	0.72	1393
76	8	1273	0.62	1281
77	8	1262	0.63	1270
78	4	1160	0.34	1164
79	4	1125	0.35	1129
80	5	1104	0.45	1109
81	5	558	0.89	563

CHH context (R2)
================
position	count methylated	count unmethylated	% methylation	coverage
1	666	8673	7.13	9339
2	447	8712	4.88	9159
3	275	8673	3.07	8948
4	165	8590	1.88	8755
5	91	8630	1.04	8721
6	65	8629	0.75	8694
7	42	8509	0.49	8551
8	52	8796	0.59	8848
9	37	8650	0.43	8687
10	35	8712	0.40	8747
11	26	8606	0.30	8632
12	44	8547	0.51	8591
13	36	8368	0.43	8404
14	30	8308	0.36	8338
15	31	8378	0.37	8409
16	31	8314	0.37	8345
17	27	8331	0.32	8358
18	27	8348	0.32	8375
19	31	8433	0.37	8464
20	32	8325	0.38	8357
21	34	8410	0.40	8444
22	38	8159	0.46	8197
23	38	8082	0.47	8120
24	32	8193	0.39	8225
25	27	8153	0.33	8180
26	34	8173	0.41	8207
27	36	8129	0.44	8165
28	31	8129	0.38	8160
29	28	8354	0.33	8382
30	35	8477	0.41	8512
31	32	8214	0.39	8246
32	37	8363	0.44	8400
33	41	8420	0.48	8461
34	32	8244	0.39	8276
35	41	8233	0.50	8274
36	21	8245	0.25	8266
37	28	8039	0.35	8067
38	29	8088	0.36	8117
39	31	8202	0.38	8233
40	37	8178	0.45	8215
41	22	8160	0.27	8182
42	47	8368	0.56	8415
43	33	8073	0.41	8106
44	36	8126	0.44	8162
45	28	8017	0.35	8045
46	26	8048	0.32	8074
47	24	8141	0.29	8165
48	31	7824	0.39	7855
49	29	7804	0.37	7833
50	32	7778	0.41	7810
51	23	7704	0.30	7727
52	36	7670	0.47	7706
53	26	7603	0.34	7629
54	24	7439	0.32	7463
55	31	7446	0.41	7477
56	21	7290	0.29	7311
57	27	7202	0.37	7229
58	26	7016	0.37	7042
59	26	7072	0.37	7098
60	31	6872	0.45	6903
61	18	6755	0.27	6773
62	22	6641	0.33	6663
63	34	6568	0.51	6602
64	34	6480	0.52	6514
65	27	6404	0.42	6431
66	37	6374	0.58	6411
67	29	6108	0.47	6137
68	28	6117	0.46	6145
69	20	5942	0.34	5962
70	18	5675	0.32	5693
71	22	5513	0.40	5535
72	14	5405	0.26	5419
73	17	5173	0.33	5190
74	18	5021	0.36	5039
75	15	4914	0.30	4929
76	22	4695	0.47	4717
77	21	4557	0.46	4578
78	12	4312	0.28	4324
79	17	4115	0.41	4132
80	12	3739	0.32	3751
81	10	1856	0.54	1866

