CpG context (R1)
================
position	count methylated	count unmethylated	% methylation	coverage
1	424	95	81.70	519
2	435	84	83.82	519
3	421	92	82.07	513
4	421	86	83.04	507
5	424	105	80.15	529
6	470	105	81.74	575
7	429	89	82.82	518
8	418	97	81.17	515
9	429	104	80.49	533
10	477	75	86.41	552
11	448	96	82.35	544
12	458	84	84.50	542
13	502	109	82.16	611
14	449	99	81.93	548
15	476	99	82.78	575
16	462	106	81.34	568
17	478	101	82.56	579
18	465	98	82.59	563
19	468	103	81.96	571
20	475	92	83.77	567
21	498	79	86.31	577
22	450	110	80.36	560
23	483	114	80.90	597
24	458	86	84.19	544
25	448	119	79.01	567
26	456	98	82.31	554
27	479	102	82.44	581
28	453	108	80.75	561
29	474	85	84.79	559
30	438	85	83.75	523
31	481	96	83.36	577
32	447	86	83.86	533
33	379	85	81.68	464
34	415	95	81.37	510
35	447	99	81.87	546
36	466	105	81.61	571
37	439	82	84.26	521
38	423	109	79.51	532
39	431	98	81.47	529
40	425	97	81.42	522
41	443	93	82.65	536
42	420	84	83.33	504
43	448	108	80.58	556
44	471	107	81.49	578
45	462	87	84.15	549
46	448	95	82.50	543
47	394	95	80.57	489
48	395	97	80.28	492
49	399	100	79.96	499
50	464	116	80.00	580
51	437	90	82.92	527
52	440	119	78.71	559
53	469	97	82.86	566
54	452	101	81.74	553
55	441	107	80.47	548
56	443	108	80.40	551
57	435	107	80.26	542
58	445	110	80.18	555
59	437	93	82.45	530
60	413	102	80.19	515
61	426	102	80.68	528
62	429	93	82.18	522
63	429	109	79.74	538
64	431	94	82.10	525
65	441	108	80.33	549
66	434	93	82.35	527
67	436	89	83.05	525
68	432	114	79.12	546
69	437	116	79.02	553
70	453	99	82.07	552
71	427	98	81.33	525
72	402	105	79.29	507
73	448	101	81.60	549
74	432	102	80.90	534
75	422	123	77.43	545
76	415	101	80.43	516
77	444	102	81.32	546
78	427	96	81.64	523
79	424	105	80.15	529
80	436	107	80.29	543
81	431	104	80.56	535
82	441	107	80.47	548
83	424	106	80.00	530
84	469	109	81.14	578
85	455	89	83.64	544
86	430	105	80.37	535
87	420	97	81.24	517
88	434	95	82.04	529
89	417	113	78.68	530
90	428	112	79.26	540
91	409	91	81.80	500
92	354	81	81.38	435
93	266	58	82.10	324

CHG context (R1)
================
position	count methylated	count unmethylated	% methylation	coverage
1	7	2132	0.33	2139
2	3	2280	0.13	2283
3	6	2165	0.28	2171
4	5	2302	0.22	2307
5	6	2402	0.25	2408
6	7	2448	0.29	2455
7	7	2446	0.29	2453
8	6	2395	0.25	2401
9	9	2405	0.37	2414
10	9	2435	0.37	2444
11	4	2519	0.16	2523
12	4	2489	0.16	2493
13	6	2441	0.25	2447
14	6	2459	0.24	2465
15	3	2428	0.12	2431
16	6	2385	0.25	2391
17	2	2354	0.08	2356
18	5	2540	0.20	2545
19	2	2524	0.08	2526
20	5	2452	0.20	2457
21	9	2396	0.37	2405
22	5	2469	0.20	2474
23	3	2511	0.12	2514
24	5	2484	0.20	2489
25	6	2492	0.24	2498
26	4	2365	0.17	2369
27	7	2428	0.29	2435
28	4	2414	0.17	2418
29	3	2496	0.12	2499
30	6	2477	0.24	2483
31	4	2403	0.17	2407
32	4	2393	0.17	2397
33	8	2435	0.33	2443
34	2	2377	0.08	2379
35	7	2450	0.28	2457
36	3	2407	0.12	2410
37	4	2406	0.17	2410
38	6	2480	0.24	2486
39	0	2428	0.00	2428
40	7	2308	0.30	2315
41	6	2398	0.25	2404
42	10	2473	0.40	2483
43	4	2367	0.17	2371
44	6	2371	0.25	2377
45	9	2328	0.39	2337
46	7	2435	0.29	2442
47	4	2424	0.16	2428
48	5	2353	0.21	2358
49	1	2365	0.04	2366
50	9	2433	0.37	2442
51	7	2399	0.29	2406
52	9	2470	0.36	2479
53	2	2294	0.09	2296
54	7	2406	0.29	2413
55	3	2389	0.13	2392
56	6	2357	0.25	2363
57	8	2377	0.34	2385
58	7	2425	0.29	2432
59	4	2385	0.17	2389
60	6	2347	0.25	2353
61	7	2472	0.28	2479
62	6	2396	0.25	2402
63	9	2422	0.37	2431
64	6	2366	0.25	2372
65	5	2338	0.21	2343
66	3	2331	0.13	2334
67	1	2324	0.04	2325
68	7	2374	0.29	2381
69	9	2527	0.35	2536
70	5	2470	0.20	2475
71	8	2327	0.34	2335
72	5	2366	0.21	2371
73	6	2402	0.25	2408
74	9	2365	0.38	2374
75	6	2363	0.25	2369
76	5	2395	0.21	2400
77	8	2364	0.34	2372
78	5	2426	0.21	2431
79	8	2422	0.33	2430
80	7	2518	0.28	2525
81	10	2474	0.40	2484
82	7	2440	0.29	2447
83	6	2384	0.25	2390
84	16	2329	0.68	2345
85	8	2358	0.34	2366
86	11	2370	0.46	2381
87	5	2325	0.21	2330
88	7	2437	0.29	2444
89	15	2411	0.62	2426
90	13	2390	0.54	2403
91	10	2322	0.43	2332
92	16	2024	0.78	2040
93	18	1266	1.40	1284

CHH context (R1)
================
position	count methylated	count unmethylated	% methylation	coverage
1	16	6950	0.23	6966
2	11	7135	0.15	7146
3	14	6898	0.20	6912
4	20	7406	0.27	7426
5	13	7682	0.17	7695
6	18	8230	0.22	8248
7	18	8168	0.22	8186
8	19	8331	0.23	8350
9	14	8519	0.16	8533
10	16	8360	0.19	8376
11	14	8387	0.17	8401
12	20	8287	0.24	8307
13	15	8331	0.18	8346
14	15	8434	0.18	8449
15	16	8430	0.19	8446
16	14	8413	0.17	8427
17	25	8544	0.29	8569
18	18	8574	0.21	8592
19	15	8383	0.18	8398
20	13	8399	0.15	8412
21	11	8558	0.13	8569
22	24	8486	0.28	8510
23	15	8591	0.17	8606
24	14	8524	0.16	8538
25	20	8438	0.24	8458
26	14	8738	0.16	8752
27	25	8429	0.30	8454
28	16	8685	0.18	8701
29	22	8502	0.26	8524
30	20	8339	0.24	8359
31	19	8397	0.23	8416
32	14	8338	0.17	8352
33	21	8112	0.26	8133
34	13	8484	0.15	8497
35	23	8470	0.27	8493
36	16	8598	0.19	8614
37	19	8498	0.22	8517
38	32	8404	0.38	8436
39	16	8179	0.20	8195
40	16	8173	0.20	8189
41	17	8168	0.21	8185
42	22	8072	0.27	8094
43	24	8041	0.30	8065
44	9	8131	0.11	8140
45	26	8153	0.32	8179
46	21	8329	0.25	8350
47	23	8237	0.28	8260
48	24	8398	0.28	8422
49	25	8251	0.30	8276
50	20	8352	0.24	8372
51	25	8395	0.30	8420
52	23	8265	0.28	8288
53	25	8356	0.30	8381
54	20	8399	0.24	8419
55	20	8425	0.24	8445
56	14	8351	0.17	8365
57	16	8535	0.19	8551
58	19	8292	0.23	8311
59	22	8407	0.26	8429
60	22	8440	0.26	8462
61	22	8311	0.26	8333
62	27	8306	0.32	8333
63	25	8362	0.30	8387
64	20	8345	0.24	8365
65	23	8228	0.28	8251
66	21	8347	0.25	8368
67	21	8347	0.25	8368
68	27	8449	0.32	8476
69	24	8249	0.29	8273
70	27	8264	0.33	8291
71	26	8301	0.31	8327
72	26	8134	0.32	8160
73	24	8180	0.29	8204
74	22	8297	0.26	8319
75	17	8434	0.20	8451
76	42	8383	0.50	8425
77	39	8557	0.45	8596
78	30	8200	0.36	8230
79	29	8436	0.34	8465
80	22	8519	0.26	8541
81	29	8337	0.35	8366
82	37	8259	0.45	8296
83	36	8383	0.43	8419
84	34	8284	0.41	8318
85	40	8358	0.48	8398
86	32	8365	0.38	8397
87	32	8490	0.38	8522
88	42	8405	0.50	8447
89	44	8495	0.52	8539
90	52	8120	0.64	8172
91	54	7994	0.67	8048
92	55	7307	0.75	7362
93	48	5053	0.94	5101

CpG context (R2)
================
position	count methylated	count unmethylated	% methylation	coverage
1	452	115	79.72	567
2	457	96	82.64	553
3	423	104	80.27	527
4	454	110	80.50	564
5	488	98	83.28	586
6	502	101	83.25	603
7	482	103	82.39	585
8	459	105	81.38	564
9	475	104	82.04	579
10	476	94	83.51	570
11	452	106	81.00	558
12	487	105	82.26	592
13	453	94	82.82	547
14	478	104	82.13	582
15	461	92	83.36	553
16	431	110	79.67	541
17	413	82	83.43	495
18	428	82	83.92	510
19	443	68	86.69	511
20	426	98	81.30	524
21	449	99	81.93	548
22	417	71	85.45	488
23	427	99	81.18	526
24	401	86	82.34	487
25	415	94	81.53	509
26	404	95	80.96	499
27	414	82	83.47	496
28	364	100	78.45	464
29	419	92	82.00	511
30	385	73	84.06	458
31	402	87	82.21	489
32	379	81	82.39	460
33	346	60	85.22	406
34	358	83	81.18	441
35	407	101	80.12	508
36	358	94	79.20	452
37	370	66	84.86	436
38	372	84	81.58	456
39	370	77	82.77	447
40	362	83	81.35	445
41	370	72	83.71	442
42	354	72	83.10	426
43	384	71	84.40	455
44	372	68	84.55	440
45	326	89	78.55	415
46	343	80	81.09	423
47	319	72	81.59	391
48	314	78	80.10	392
49	295	78	79.09	373
50	332	79	80.78	411
51	330	84	79.71	414
52	320	81	79.80	401
53	292	67	81.34	359
54	286	67	81.02	353
55	271	72	79.01	343
56	252	71	78.02	323
57	293	63	82.30	356
58	248	60	80.52	308
59	255	55	82.26	310
60	240	72	76.92	312
61	251	66	79.18	317
62	220	50	81.48	270
63	213	55	79.48	268
64	203	55	78.68	258
65	212	55	79.40	267
66	191	46	80.59	237
67	202	36	84.87	238
68	191	52	78.60	243
69	179	51	77.83	230
70	158	44	78.22	202
71	156	40	79.59	196
72	158	46	77.45	204
73	141	43	76.63	184
74	152	47	76.38	199
75	137	36	79.19	173
76	127	30	80.89	157
77	68	19	78.16	87

CHG context (R2)
================
position	count methylated	count unmethylated	% methylation	coverage
1	87	2407	3.49	2494
2	58	2392	2.37	2450
3	31	2360	1.30	2391
4	12	2414	0.49	2426
5	8	2314	0.34	2322
6	3	2416	0.12	2419
7	7	2478	0.28	2485
8	6	2374	0.25	2380
9	7	2473	0.28	2480
10	4	2358	0.17	2362
11	6	2327	0.26	2333
12	4	2184	0.18	2188
13	3	2291	0.13	2294
14	3	2353	0.13	2356
15	3	2351	0.13	2354
16	5	2293	0.22	2298
17	3	2301	0.13	2304
18	7	2178	0.32	2185
19	3	2260	0.13	2263
20	9	2286	0.39	2295
21	6	2253	0.27	2259
22	10	2245	0.44	2255
23	3	2366	0.13	2369
24	1	2316	0.04	2317
25	7	2274	0.31	2281
26	4	2252	0.18	2256
27	7	2263	0.31	2270
28	3	2158	0.14	2161
29	6	2190	0.27	2196
30	7	2150	0.32	2157
31	6	2043	0.29	2049
32	5	2096	0.24	2101
33	5	2040	0.24	2045
34	7	2139	0.33	2146
35	3	2024	0.15	2027
36	6	1956	0.31	1962
37	3	2018	0.15	2021
38	8	2057	0.39	2065
39	4	2019	0.20	2023
40	2	1920	0.10	1922
41	3	2007	0.15	2010
42	3	1926	0.16	1929
43	6	1871	0.32	1877
44	4	1880	0.21	1884
45	4	1795	0.22	1799
46	2	1735	0.12	1737
47	5	1828	0.27	1833
48	7	1767	0.39	1774
49	5	1814	0.27	1819
50	3	1689	0.18	1692
51	5	1665	0.30	1670
52	4	1651	0.24	1655
53	2	1571	0.13	1573
54	5	1627	0.31	1632
55	2	1571	0.13	1573
56	3	1569	0.19	1572
57	4	1519	0.26	1523
58	5	1408	0.35	1413
59	5	1397	0.36	1402
60	4	1326	0.30	1330
61	3	1299	0.23	1302
62	2	1304	0.15	1306
63	1	1220	0.08	1221
64	4	1218	0.33	1222
65	2	1155	0.17	1157
66	3	1165	0.26	1168
67	2	1091	0.18	1093
68	4	1055	0.38	1059
69	1	1002	0.10	1003
70	5	943	0.53	948
71	0	978	0.00	978
72	1	921	0.11	922
73	3	857	0.35	860
74	1	766	0.13	767
75	1	776	0.13	777
76	0	743	0.00	743
77	0	371	0.00	371

CHH context (R2)
================
position	count methylated	count unmethylated	% methylation	coverage
1	346	8171	4.06	8517
2	215	8055	2.60	8270
3	114	8148	1.38	8262
4	68	8207	0.82	8275
5	55	8018	0.68	8073
6	29	8307	0.35	8336
7	21	8122	0.26	8143
8	18	8250	0.22	8268
9	18	8039	0.22	8057
10	13	7943	0.16	7956
11	24	7807	0.31	7831
12	15	7777	0.19	7792
13	14	7732	0.18	7746
14	13	7708	0.17	7721
15	17	7486	0.23	7503
16	16	7614	0.21	7630
17	26	7820	0.33	7846
18	18	7609	0.24	7627
19	13	7610	0.17	7623
20	22	7667	0.29	7689
21	12	7551	0.16	7563
22	26	7281	0.36	7307
23	19	7314	0.26	7333
24	17	7359	0.23	7376
25	16	7425	0.22	7441
26	22	7394	0.30	7416
27	15	7461	0.20	7476
28	18	7544	0.24	7562
29	12	7435	0.16	7447
30	13	7238	0.18	7251
31	22	7206	0.30	7228
32	7	7157	0.10	7164
33	18	7106	0.25	7124
34	13	7077	0.18	7090
35	16	6906	0.23	6922
36	19	7141	0.27	7160
37	13	7073	0.18	7086
38	17	6912	0.25	6929
39	11	6922	0.16	6933
40	21	6777	0.31	6798
41	14	6747	0.21	6761
42	22	6729	0.33	6751
43	9	6666	0.13	6675
44	15	6549	0.23	6564
45	16	6588	0.24	6604
46	15	6288	0.24	6303
47	22	6131	0.36	6153
48	18	6151	0.29	6169
49	7	5959	0.12	5966
50	16	5893	0.27	5909
51	9	5863	0.15	5872
52	12	5676	0.21	5688
53	11	5648	0.19	5659
54	13	5551	0.23	5564
55	9	5351	0.17	5360
56	13	5291	0.25	5304
57	10	5168	0.19	5178
58	11	5159	0.21	5170
59	10	4794	0.21	4804
60	10	4822	0.21	4832
61	15	4762	0.31	4777
62	15	4535	0.33	4550
63	9	4327	0.21	4336
64	13	4267	0.30	4280
65	12	4082	0.29	4094
66	11	3956	0.28	3967
67	6	3748	0.16	3754
68	7	3710	0.19	3717
69	5	3484	0.14	3489
70	7	3263	0.21	3270
71	2	3228	0.06	3230
72	4	3020	0.13	3024
73	6	2928	0.20	2934
74	3	2874	0.10	2877
75	7	2748	0.25	2755
76	10	2509	0.40	2519
77	3	1211	0.25	1214

