CpG context (R1)
================
position	count methylated	count unmethylated	% methylation	coverage
1	485	82	85.54	567
2	417	86	82.90	503
3	456	93	83.06	549
4	467	82	85.06	549
5	542	116	82.37	658
6	478	120	79.93	598
7	437	92	82.61	529
8	460	96	82.73	556
9	447	88	83.55	535
10	472	88	84.29	560
11	507	114	81.64	621
12	464	100	82.27	564
13	468	96	82.98	564
14	449	95	82.54	544
15	450	104	81.23	554
16	471	106	81.63	577
17	453	97	82.36	550
18	478	98	82.99	576
19	388	105	78.70	493
20	466	93	83.36	559
21	478	103	82.27	581
22	498	99	83.42	597
23	475	104	82.04	579
24	446	101	81.54	547
25	467	99	82.51	566
26	469	110	81.00	579
27	455	97	82.43	552
28	416	122	77.32	538
29	446	96	82.29	542
30	427	87	83.07	514
31	480	104	82.19	584
32	459	91	83.45	550
33	408	87	82.42	495
34	509	115	81.57	624
35	439	107	80.40	546
36	479	107	81.74	586
37	390	99	79.75	489
38	440	106	80.59	546
39	439	93	82.52	532
40	427	88	82.91	515
41	444	107	80.58	551
42	413	111	78.82	524
43	453	95	82.66	548
44	439	113	79.53	552
45	417	106	79.73	523
46	436	116	78.99	552
47	460	102	81.85	562
48	383	123	75.69	506
49	441	112	79.75	553
50	480	97	83.19	577
51	483	113	81.04	596
52	428	92	82.31	520
53	433	90	82.79	523
54	452	91	83.24	543
55	402	100	80.08	502
56	426	117	78.45	543
57	471	114	80.51	585
58	423	105	80.11	528
59	413	98	80.82	511
60	427	95	81.80	522
61	442	99	81.70	541
62	437	98	81.68	535
63	411	95	81.23	506
64	457	110	80.60	567
65	416	87	82.70	503
66	440	121	78.43	561
67	428	104	80.45	532
68	420	109	79.40	529
69	424	117	78.37	541
70	444	90	83.15	534
71	416	122	77.32	538
72	414	111	78.86	525
73	413	112	78.67	525
74	445	112	79.89	557
75	382	122	75.79	504
76	507	119	80.99	626
77	425	94	81.89	519
78	422	104	80.23	526
79	413	130	76.06	543
80	456	113	80.14	569
81	456	115	79.86	571
82	422	116	78.44	538
83	426	117	78.45	543
84	461	97	82.62	558
85	455	114	79.96	569
86	399	120	76.88	519
87	458	100	82.08	558
88	413	104	79.88	517
89	461	106	81.31	567
90	419	117	78.17	536
91	429	105	80.34	534
92	378	101	78.91	479
93	257	66	79.57	323

CHG context (R1)
================
position	count methylated	count unmethylated	% methylation	coverage
1	10	2152	0.46	2162
2	8	2239	0.36	2247
3	6	2185	0.27	2191
4	6	2304	0.26	2310
5	6	2440	0.25	2446
6	4	2434	0.16	2438
7	6	2406	0.25	2412
8	8	2480	0.32	2488
9	12	2480	0.48	2492
10	8	2531	0.32	2539
11	7	2579	0.27	2586
12	8	2556	0.31	2564
13	6	2474	0.24	2480
14	7	2457	0.28	2464
15	2	2434	0.08	2436
16	7	2462	0.28	2469
17	11	2416	0.45	2427
18	12	2371	0.50	2383
19	3	2379	0.13	2382
20	4	2382	0.17	2386
21	9	2459	0.36	2468
22	7	2531	0.28	2538
23	8	2429	0.33	2437
24	5	2446	0.20	2451
25	3	2425	0.12	2428
26	6	2402	0.25	2408
27	4	2475	0.16	2479
28	5	2488	0.20	2493
29	8	2478	0.32	2486
30	5	2426	0.21	2431
31	10	2520	0.40	2530
32	10	2464	0.40	2474
33	7	2410	0.29	2417
34	2	2473	0.08	2475
35	5	2450	0.20	2455
36	3	2383	0.13	2386
37	9	2525	0.36	2534
38	4	2396	0.17	2400
39	4	2411	0.17	2415
40	14	2488	0.56	2502
41	13	2324	0.56	2337
42	6	2397	0.25	2403
43	6	2429	0.25	2435
44	5	2451	0.20	2456
45	5	2459	0.20	2464
46	4	2548	0.16	2552
47	6	2504	0.24	2510
48	9	2495	0.36	2504
49	11	2458	0.45	2469
50	3	2351	0.13	2354
51	7	2431	0.29	2438
52	6	2464	0.24	2470
53	8	2396	0.33	2404
54	8	2438	0.33	2446
55	4	2472	0.16	2476
56	13	2355	0.55	2368
57	9	2430	0.37	2439
58	2	2415	0.08	2417
59	4	2452	0.16	2456
60	6	2382	0.25	2388
61	9	2353	0.38	2362
62	1	2376	0.04	2377
63	8	2542	0.31	2550
64	8	2426	0.33	2434
65	5	2388	0.21	2393
66	3	2359	0.13	2362
67	4	2426	0.16	2430
68	8	2403	0.33	2411
69	8	2420	0.33	2428
70	7	2372	0.29	2379
71	9	2436	0.37	2445
72	10	2395	0.42	2405
73	4	2354	0.17	2358
74	2	2381	0.08	2383
75	6	2420	0.25	2426
76	4	2362	0.17	2366
77	5	2487	0.20	2492
78	7	2359	0.30	2366
79	6	2412	0.25	2418
80	12	2408	0.50	2420
81	3	2451	0.12	2454
82	6	2419	0.25	2425
83	9	2563	0.35	2572
84	6	2485	0.24	2491
85	12	2472	0.48	2484
86	8	2439	0.33	2447
87	6	2349	0.25	2355
88	11	2490	0.44	2501
89	5	2469	0.20	2474
90	4	2374	0.17	2378
91	10	2347	0.42	2357
92	9	2086	0.43	2095
93	7	1258	0.55	1265

CHH context (R1)
================
position	count methylated	count unmethylated	% methylation	coverage
1	23	7313	0.31	7336
2	27	7526	0.36	7553
3	22	6818	0.32	6840
4	22	7331	0.30	7353
5	12	7836	0.15	7848
6	32	8214	0.39	8246
7	22	8505	0.26	8527
8	19	8491	0.22	8510
9	23	8554	0.27	8577
10	24	8531	0.28	8555
11	24	8577	0.28	8601
12	25	8428	0.30	8453
13	20	8443	0.24	8463
14	18	8482	0.21	8500
15	24	8463	0.28	8487
16	24	8533	0.28	8557
17	32	8698	0.37	8730
18	28	8472	0.33	8500
19	20	8565	0.23	8585
20	20	8624	0.23	8644
21	29	8619	0.34	8648
22	21	8559	0.24	8580
23	17	8499	0.20	8516
24	19	8668	0.22	8687
25	20	8824	0.23	8844
26	26	8671	0.30	8697
27	20	8664	0.23	8684
28	33	8562	0.38	8595
29	14	8503	0.16	8517
30	27	8726	0.31	8753
31	20	8410	0.24	8430
32	18	8524	0.21	8542
33	12	8518	0.14	8530
34	35	8607	0.40	8642
35	19	8444	0.22	8463
36	27	8782	0.31	8809
37	19	8573	0.22	8592
38	12	8531	0.14	8543
39	17	8422	0.20	8439
40	18	8497	0.21	8515
41	19	8325	0.23	8344
42	20	8207	0.24	8227
43	17	8336	0.20	8353
44	14	8350	0.17	8364
45	29	8470	0.34	8499
46	31	8592	0.36	8623
47	25	8478	0.29	8503
48	22	8393	0.26	8415
49	23	8410	0.27	8433
50	19	8525	0.22	8544
51	32	8575	0.37	8607
52	18	8346	0.22	8364
53	16	8502	0.19	8518
54	20	8546	0.23	8566
55	22	8493	0.26	8515
56	23	8647	0.27	8670
57	16	8738	0.18	8754
58	24	8580	0.28	8604
59	17	8495	0.20	8512
60	23	8475	0.27	8498
61	17	8377	0.20	8394
62	38	8435	0.45	8473
63	26	8351	0.31	8377
64	27	8506	0.32	8533
65	23	8380	0.27	8403
66	26	8387	0.31	8413
67	17	8413	0.20	8430
68	25	8395	0.30	8420
69	22	8339	0.26	8361
70	20	8415	0.24	8435
71	18	8420	0.21	8438
72	27	8531	0.32	8558
73	14	8396	0.17	8410
74	25	8478	0.29	8503
75	22	8420	0.26	8442
76	18	8525	0.21	8543
77	22	8529	0.26	8551
78	24	8608	0.28	8632
79	31	8467	0.36	8498
80	19	8574	0.22	8593
81	27	8664	0.31	8691
82	16	8620	0.19	8636
83	28	8360	0.33	8388
84	23	8625	0.27	8648
85	32	8562	0.37	8594
86	29	8640	0.33	8669
87	27	8650	0.31	8677
88	18	8678	0.21	8696
89	41	8533	0.48	8574
90	36	8477	0.42	8513
91	24	8218	0.29	8242
92	22	7400	0.30	7422
93	23	5190	0.44	5213

CpG context (R2)
================
position	count methylated	count unmethylated	% methylation	coverage
1	409	128	76.16	537
2	417	115	78.38	532
3	453	133	77.30	586
4	448	104	81.16	552
5	504	98	83.72	602
6	447	121	78.70	568
7	527	99	84.19	626
8	552	106	83.89	658
9	462	103	81.77	565
10	558	97	85.19	655
11	508	96	84.11	604
12	480	111	81.22	591
13	507	105	82.84	612
14	494	137	78.29	631
15	479	102	82.44	581
16	427	82	83.89	509
17	478	89	84.30	567
18	493	99	83.28	592
19	483	88	84.59	571
20	478	107	81.71	585
21	408	110	78.76	518
22	450	110	80.36	560
23	441	79	84.81	520
24	431	98	81.47	529
25	447	88	83.55	535
26	449	103	81.34	552
27	418	127	76.70	545
28	440	97	81.94	537
29	406	90	81.85	496
30	414	93	81.66	507
31	474	98	82.87	572
32	454	118	79.37	572
33	449	82	84.56	531
34	434	121	78.20	555
35	404	89	81.95	493
36	403	90	81.74	493
37	418	107	79.62	525
38	424	77	84.63	501
39	362	93	79.56	455
40	397	92	81.19	489
41	389	109	78.11	498
42	406	94	81.20	500
43	384	106	78.37	490
44	388	99	79.67	487
45	361	78	82.23	439
46	397	103	79.40	500
47	394	102	79.44	496
48	340	64	84.16	404
49	384	90	81.01	474
50	368	86	81.06	454
51	371	76	83.00	447
52	362	89	80.27	451
53	362	76	82.65	438
54	335	95	77.91	430
55	338	82	80.48	420
56	313	104	75.06	417
57	340	84	80.19	424
58	348	75	82.27	423
59	314	78	80.10	392
60	323	88	78.59	411
61	301	96	75.82	397
62	292	90	76.44	382
63	343	73	82.45	416
64	314	91	77.53	405
65	277	80	77.59	357
66	272	76	78.16	348
67	246	70	77.85	316
68	287	63	82.00	350
69	268	71	79.06	339
70	300	77	79.58	377
71	262	68	79.39	330
72	239	57	80.74	296
73	221	56	79.78	277
74	241	63	79.28	304
75	218	53	80.44	271
76	235	56	80.76	291
77	115	38	75.16	153

CHG context (R2)
================
position	count methylated	count unmethylated	% methylation	coverage
1	120	2581	4.44	2701
2	57	2476	2.25	2533
3	35	2421	1.43	2456
4	13	2567	0.50	2580
5	9	2542	0.35	2551
6	12	2357	0.51	2369
7	10	2454	0.41	2464
8	5	2446	0.20	2451
9	12	2469	0.48	2481
10	10	2527	0.39	2537
11	5	2494	0.20	2499
12	6	2396	0.25	2402
13	7	2519	0.28	2526
14	4	2483	0.16	2487
15	4	2429	0.16	2433
16	7	2470	0.28	2477
17	4	2371	0.17	2375
18	5	2422	0.21	2427
19	5	2422	0.21	2427
20	2	2430	0.08	2432
21	9	2390	0.38	2399
22	10	2383	0.42	2393
23	3	2405	0.12	2408
24	10	2385	0.42	2395
25	6	2398	0.25	2404
26	5	2383	0.21	2388
27	14	2429	0.57	2443
28	4	2384	0.17	2388
29	6	2364	0.25	2370
30	13	2322	0.56	2335
31	5	2357	0.21	2362
32	8	2381	0.33	2389
33	9	2326	0.39	2335
34	6	2315	0.26	2321
35	7	2342	0.30	2349
36	2	2293	0.09	2295
37	4	2263	0.18	2267
38	9	2271	0.39	2280
39	7	2289	0.30	2296
40	5	2258	0.22	2263
41	6	2241	0.27	2247
42	6	2217	0.27	2223
43	7	2142	0.33	2149
44	7	2087	0.33	2094
45	6	2144	0.28	2150
46	8	2224	0.36	2232
47	5	2115	0.24	2120
48	9	2120	0.42	2129
49	3	2102	0.14	2105
50	4	2067	0.19	2071
51	7	2016	0.35	2023
52	8	2001	0.40	2009
53	9	2019	0.44	2028
54	7	1999	0.35	2006
55	5	1883	0.26	1888
56	7	2019	0.35	2026
57	7	1979	0.35	1986
58	6	1867	0.32	1873
59	5	1870	0.27	1875
60	2	1788	0.11	1790
61	7	1764	0.40	1771
62	3	1762	0.17	1765
63	6	1750	0.34	1756
64	7	1668	0.42	1675
65	1	1701	0.06	1702
66	3	1641	0.18	1644
67	1	1528	0.07	1529
68	5	1542	0.32	1547
69	7	1478	0.47	1485
70	1	1462	0.07	1463
71	4	1431	0.28	1435
72	4	1359	0.29	1363
73	4	1298	0.31	1302
74	3	1293	0.23	1296
75	7	1224	0.57	1231
76	1	1141	0.09	1142
77	2	619	0.32	621

CHH context (R2)
================
position	count methylated	count unmethylated	% methylation	coverage
1	342	8603	3.82	8945
2	263	8519	2.99	8782
3	190	8558	2.17	8748
4	98	8513	1.14	8611
5	49	8655	0.56	8704
6	37	8588	0.43	8625
7	38	8732	0.43	8770
8	28	8460	0.33	8488
9	19	8521	0.22	8540
10	13	8338	0.16	8351
11	23	8476	0.27	8499
12	10	8333	0.12	8343
13	27	8294	0.32	8321
14	23	8137	0.28	8160
15	20	8182	0.24	8202
16	23	8266	0.28	8289
17	24	8213	0.29	8237
18	16	8272	0.19	8288
19	18	8305	0.22	8323
20	18	8138	0.22	8156
21	25	8244	0.30	8269
22	24	8137	0.29	8161
23	21	8157	0.26	8178
24	17	8210	0.21	8227
25	22	8005	0.27	8027
26	22	8007	0.27	8029
27	27	8080	0.33	8107
28	25	8116	0.31	8141
29	29	8131	0.36	8160
30	21	7997	0.26	8018
31	21	8087	0.26	8108
32	26	7982	0.32	8008
33	18	8043	0.22	8061
34	22	7905	0.28	7927
35	29	7963	0.36	7992
36	24	7835	0.31	7859
37	22	7995	0.27	8017
38	18	7834	0.23	7852
39	17	7820	0.22	7837
40	23	7820	0.29	7843
41	20	7755	0.26	7775
42	18	7781	0.23	7799
43	19	7790	0.24	7809
44	15	7545	0.20	7560
45	23	7566	0.30	7589
46	12	7462	0.16	7474
47	19	7279	0.26	7298
48	26	7443	0.35	7469
49	20	7247	0.28	7267
50	25	7201	0.35	7226
51	24	7006	0.34	7030
52	12	7057	0.17	7069
53	20	6898	0.29	6918
54	15	6792	0.22	6807
55	13	6755	0.19	6768
56	15	6774	0.22	6789
57	21	6497	0.32	6518
58	23	6620	0.35	6643
59	16	6380	0.25	6396
60	13	6263	0.21	6276
61	15	6224	0.24	6239
62	16	6082	0.26	6098
63	16	5959	0.27	5975
64	12	5790	0.21	5802
65	20	5670	0.35	5690
66	23	5524	0.41	5547
67	13	5513	0.24	5526
68	19	5337	0.35	5356
69	15	5002	0.30	5017
70	17	5043	0.34	5060
71	13	4943	0.26	4956
72	19	4823	0.39	4842
73	13	4685	0.28	4698
74	11	4523	0.24	4534
75	11	4301	0.26	4312
76	15	4080	0.37	4095
77	8	1947	0.41	1955

