CpG context (R1)
================
position	count methylated	count unmethylated	% methylation	coverage
1	445	72	86.07	517
2	483	116	80.63	599
3	479	80	85.69	559
4	490	90	84.48	580
5	546	114	82.73	660
6	490	100	83.05	590
7	483	106	82.00	589
8	471	90	83.96	561
9	483	81	85.64	564
10	539	90	85.69	629
11	508	117	81.28	625
12	483	97	83.28	580
13	479	101	82.59	580
14	518	104	83.28	622
15	506	101	83.36	607
16	499	91	84.58	590
17	457	88	83.85	545
18	518	87	85.62	605
19	476	97	83.07	573
20	455	79	85.21	534
21	529	98	84.37	627
22	456	107	80.99	563
23	469	101	82.28	570
24	448	117	79.29	565
25	471	102	82.20	573
26	481	82	85.44	563
27	495	90	84.62	585
28	481	87	84.68	568
29	430	93	82.22	523
30	487	96	83.53	583
31	484	104	82.31	588
32	471	113	80.65	584
33	435	71	85.97	506
34	454	91	83.30	545
35	495	86	85.20	581
36	499	116	81.14	615
37	435	107	80.26	542
38	476	96	83.22	572
39	466	92	83.51	558
40	455	104	81.40	559
41	446	108	80.51	554
42	450	86	83.96	536
43	509	111	82.10	620
44	456	96	82.61	552
45	419	105	79.96	524
46	449	102	81.49	551
47	420	100	80.77	520
48	435	107	80.26	542
49	432	79	84.54	511
50	452	88	83.70	540
51	424	107	79.85	531
52	448	103	81.31	551
53	503	120	80.74	623
54	456	92	83.21	548
55	415	92	81.85	507
56	446	109	80.36	555
57	454	98	82.25	552
58	461	101	82.03	562
59	468	86	84.48	554
60	491	110	81.70	601
61	471	103	82.06	574
62	436	103	80.89	539
63	452	109	80.57	561
64	450	91	83.18	541
65	396	100	79.84	496
66	436	122	78.14	558
67	425	99	81.11	524
68	444	109	80.29	553
69	422	98	81.15	520
70	469	114	80.45	583
71	442	94	82.46	536
72	446	96	82.29	542
73	422	102	80.53	524
74	447	113	79.82	560
75	453	114	79.89	567
76	414	105	79.77	519
77	468	99	82.54	567
78	421	102	80.50	523
79	426	106	80.08	532
80	450	106	80.94	556
81	451	107	80.82	558
82	440	97	81.94	537
83	425	91	82.36	516
84	475	98	82.90	573
85	469	85	84.66	554
86	450	100	81.82	550
87	440	104	80.88	544
88	426	107	79.92	533
89	484	80	85.82	564
90	422	118	78.15	540
91	414	116	78.11	530
92	381	83	82.11	464
93	262	71	78.68	333

CHG context (R1)
================
position	count methylated	count unmethylated	% methylation	coverage
1	4	2070	0.19	2074
2	4	2219	0.18	2223
3	6	2081	0.29	2087
4	5	2352	0.21	2357
5	4	2372	0.17	2376
6	9	2470	0.36	2479
7	4	2433	0.16	2437
8	8	2443	0.33	2451
9	4	2562	0.16	2566
10	4	2513	0.16	2517
11	14	2518	0.55	2532
12	2	2597	0.08	2599
13	5	2584	0.19	2589
14	6	2547	0.24	2553
15	8	2585	0.31	2593
16	10	2431	0.41	2441
17	7	2412	0.29	2419
18	8	2495	0.32	2503
19	7	2554	0.27	2561
20	5	2475	0.20	2480
21	4	2561	0.16	2565
22	8	2540	0.31	2548
23	10	2560	0.39	2570
24	5	2494	0.20	2499
25	11	2527	0.43	2538
26	7	2461	0.28	2468
27	6	2514	0.24	2520
28	10	2605	0.38	2615
29	5	2723	0.18	2728
30	8	2585	0.31	2593
31	4	2520	0.16	2524
32	6	2427	0.25	2433
33	6	2499	0.24	2505
34	5	2561	0.19	2566
35	8	2473	0.32	2481
36	7	2524	0.28	2531
37	8	2590	0.31	2598
38	11	2416	0.45	2427
39	9	2581	0.35	2590
40	4	2505	0.16	2509
41	6	2538	0.24	2544
42	9	2469	0.36	2478
43	8	2521	0.32	2529
44	6	2482	0.24	2488
45	11	2399	0.46	2410
46	9	2422	0.37	2431
47	10	2459	0.41	2469
48	7	2473	0.28	2480
49	10	2545	0.39	2555
50	5	2481	0.20	2486
51	3	2489	0.12	2492
52	4	2525	0.16	2529
53	12	2463	0.48	2475
54	8	2530	0.32	2538
55	6	2441	0.25	2447
56	4	2409	0.17	2413
57	5	2428	0.21	2433
58	7	2523	0.28	2530
59	8	2481	0.32	2489
60	8	2457	0.32	2465
61	10	2528	0.39	2538
62	8	2486	0.32	2494
63	5	2549	0.20	2554
64	7	2431	0.29	2438
65	12	2497	0.48	2509
66	9	2457	0.36	2466
67	5	2476	0.20	2481
68	5	2406	0.21	2411
69	4	2538	0.16	2542
70	7	2500	0.28	2507
71	10	2484	0.40	2494
72	6	2548	0.23	2554
73	7	2561	0.27	2568
74	7	2454	0.28	2461
75	7	2517	0.28	2524
76	10	2542	0.39	2552
77	8	2390	0.33	2398
78	7	2552	0.27	2559
79	9	2518	0.36	2527
80	5	2544	0.20	2549
81	4	2587	0.15	2591
82	9	2479	0.36	2488
83	6	2518	0.24	2524
84	5	2430	0.21	2435
85	8	2473	0.32	2481
86	11	2535	0.43	2546
87	11	2570	0.43	2581
88	4	2509	0.16	2513
89	10	2468	0.40	2478
90	11	2412	0.45	2423
91	12	2391	0.50	2403
92	9	2145	0.42	2154
93	7	1324	0.53	1331

CHH context (R1)
================
position	count methylated	count unmethylated	% methylation	coverage
1	27	6963	0.39	6990
2	21	7301	0.29	7322
3	27	6765	0.40	6792
4	19	7033	0.27	7052
5	15	7864	0.19	7879
6	26	8246	0.31	8272
7	21	8440	0.25	8461
8	14	8701	0.16	8715
9	23	8410	0.27	8433
10	19	8648	0.22	8667
11	31	8410	0.37	8441
12	19	8387	0.23	8406
13	22	8537	0.26	8559
14	27	8648	0.31	8675
15	25	8494	0.29	8519
16	20	8589	0.23	8609
17	28	8622	0.32	8650
18	14	8652	0.16	8666
19	27	8702	0.31	8729
20	28	8595	0.32	8623
21	18	8747	0.21	8765
22	34	8479	0.40	8513
23	23	8631	0.27	8654
24	25	8828	0.28	8853
25	19	8867	0.21	8886
26	28	8848	0.32	8876
27	18	8672	0.21	8690
28	22	8959	0.24	8981
29	26	8466	0.31	8492
30	34	8419	0.40	8453
31	34	8620	0.39	8654
32	19	8490	0.22	8509
33	27	8485	0.32	8512
34	15	8521	0.18	8536
35	22	8606	0.25	8628
36	23	8628	0.27	8651
37	16	8594	0.19	8610
38	27	8652	0.31	8679
39	25	8509	0.29	8534
40	25	8381	0.30	8406
41	16	8255	0.19	8271
42	15	8150	0.18	8165
43	23	8228	0.28	8251
44	29	8499	0.34	8528
45	18	8448	0.21	8466
46	25	8664	0.29	8689
47	30	8707	0.34	8737
48	22	8568	0.26	8590
49	13	8703	0.15	8716
50	26	8505	0.30	8531
51	21	8409	0.25	8430
52	20	8616	0.23	8636
53	20	8760	0.23	8780
54	38	8523	0.44	8561
55	31	8753	0.35	8784
56	29	8613	0.34	8642
57	27	8516	0.32	8543
58	24	8374	0.29	8398
59	26	8568	0.30	8594
60	18	8494	0.21	8512
61	13	8543	0.15	8556
62	22	8647	0.25	8669
63	29	8622	0.34	8651
64	20	8443	0.24	8463
65	24	8578	0.28	8602
66	27	8420	0.32	8447
67	26	8500	0.30	8526
68	17	8603	0.20	8620
69	22	8533	0.26	8555
70	30	8475	0.35	8505
71	24	8424	0.28	8448
72	14	8445	0.17	8459
73	24	8366	0.29	8390
74	21	8370	0.25	8391
75	30	8344	0.36	8374
76	29	8515	0.34	8544
77	25	8601	0.29	8626
78	16	8675	0.18	8691
79	17	8849	0.19	8866
80	23	8751	0.26	8774
81	31	8654	0.36	8685
82	31	8538	0.36	8569
83	19	8525	0.22	8544
84	11	8659	0.13	8670
85	19	8545	0.22	8564
86	21	8748	0.24	8769
87	15	8716	0.17	8731
88	32	8680	0.37	8712
89	27	8634	0.31	8661
90	22	8568	0.26	8590
91	26	8272	0.31	8298
92	18	7535	0.24	7553
93	17	5244	0.32	5261

CpG context (R2)
================
position	count methylated	count unmethylated	% methylation	coverage
1	410	145	73.87	555
2	394	112	77.87	506
3	471	107	81.49	578
4	458	72	86.42	530
5	476	112	80.95	588
6	518	77	87.06	595
7	522	106	83.12	628
8	514	81	86.39	595
9	471	94	83.36	565
10	509	80	86.42	589
11	554	96	85.23	650
12	505	93	84.45	598
13	492	100	83.11	592
14	481	109	81.53	590
15	498	94	84.12	592
16	481	95	83.51	576
17	501	104	82.81	605
18	501	102	83.08	603
19	479	105	82.02	584
20	485	105	82.20	590
21	496	97	83.64	593
22	486	87	84.82	573
23	431	93	82.25	524
24	439	94	82.36	533
25	472	106	81.66	578
26	430	97	81.59	527
27	458	98	82.37	556
28	444	90	83.15	534
29	420	93	81.87	513
30	449	103	81.34	552
31	459	101	81.96	560
32	433	95	82.01	528
33	438	94	82.33	532
34	391	85	82.14	476
35	429	113	79.15	542
36	430	92	82.38	522
37	426	95	81.77	521
38	426	103	80.53	529
39	425	95	81.73	520
40	400	90	81.63	490
41	436	103	80.89	539
42	402	81	83.23	483
43	400	98	80.32	498
44	401	88	82.00	489
45	419	96	81.36	515
46	410	87	82.49	497
47	357	100	78.12	457
48	385	100	79.38	485
49	430	91	82.53	521
50	370	70	84.09	440
51	338	97	77.70	435
52	377	84	81.78	461
53	375	75	83.33	450
54	372	123	75.15	495
55	326	74	81.50	400
56	345	71	82.93	416
57	341	78	81.38	419
58	339	78	81.29	417
59	356	86	80.54	442
60	308	91	77.19	399
61	337	79	81.01	416
62	328	87	79.04	415
63	301	78	79.42	379
64	286	89	76.27	375
65	306	66	82.26	372
66	289	72	80.06	361
67	263	59	81.68	322
68	273	79	77.56	352
69	256	70	78.53	326
70	275	59	82.34	334
71	228	55	80.57	283
72	235	63	78.86	298
73	218	65	77.03	283
74	201	57	77.91	258
75	250	41	85.91	291
76	182	42	81.25	224
77	94	22	81.03	116

CHG context (R2)
================
position	count methylated	count unmethylated	% methylation	coverage
1	109	2492	4.19	2601
2	62	2457	2.46	2519
3	29	2569	1.12	2598
4	16	2523	0.63	2539
5	11	2545	0.43	2556
6	3	2454	0.12	2457
7	7	2498	0.28	2505
8	7	2563	0.27	2570
9	8	2532	0.31	2540
10	8	2487	0.32	2495
11	10	2520	0.40	2530
12	3	2552	0.12	2555
13	6	2519	0.24	2525
14	9	2480	0.36	2489
15	6	2441	0.25	2447
16	8	2403	0.33	2411
17	6	2492	0.24	2498
18	3	2446	0.12	2449
19	10	2383	0.42	2393
20	3	2378	0.13	2381
21	4	2442	0.16	2446
22	12	2480	0.48	2492
23	5	2476	0.20	2481
24	3	2466	0.12	2469
25	9	2497	0.36	2506
26	8	2535	0.31	2543
27	11	2504	0.44	2515
28	9	2422	0.37	2431
29	13	2344	0.55	2357
30	3	2467	0.12	2470
31	7	2461	0.28	2468
32	3	2435	0.12	2438
33	7	2433	0.29	2440
34	5	2350	0.21	2355
35	10	2396	0.42	2406
36	2	2371	0.08	2373
37	7	2366	0.29	2373
38	8	2367	0.34	2375
39	4	2284	0.17	2288
40	4	2329	0.17	2333
41	4	2230	0.18	2234
42	6	2286	0.26	2292
43	2	2331	0.09	2333
44	8	2279	0.35	2287
45	6	2262	0.26	2268
46	6	2172	0.28	2178
47	3	2208	0.14	2211
48	7	2180	0.32	2187
49	4	2162	0.18	2166
50	10	2145	0.46	2155
51	6	2098	0.29	2104
52	9	2114	0.42	2123
53	3	1938	0.15	1941
54	5	2044	0.24	2049
55	11	1986	0.55	1997
56	1	1966	0.05	1967
57	1	1951	0.05	1952
58	9	1923	0.47	1932
59	6	1869	0.32	1875
60	6	1843	0.32	1849
61	5	1857	0.27	1862
62	3	1767	0.17	1770
63	2	1740	0.11	1742
64	4	1636	0.24	1640
65	1	1578	0.06	1579
66	6	1606	0.37	1612
67	4	1579	0.25	1583
68	3	1469	0.20	1472
69	4	1386	0.29	1390
70	2	1397	0.14	1399
71	6	1359	0.44	1365
72	5	1284	0.39	1289
73	3	1248	0.24	1251
74	3	1190	0.25	1193
75	7	1167	0.60	1174
76	6	1051	0.57	1057
77	1	553	0.18	554

CHH context (R2)
================
position	count methylated	count unmethylated	% methylation	coverage
1	381	8481	4.30	8862
2	270	8633	3.03	8903
3	162	8702	1.83	8864
4	116	8706	1.31	8822
5	65	8517	0.76	8582
6	50	8666	0.57	8716
7	35	8596	0.41	8631
8	30	8611	0.35	8641
9	31	8578	0.36	8609
10	21	8502	0.25	8523
11	22	8358	0.26	8380
12	19	8308	0.23	8327
13	20	8376	0.24	8396
14	27	8509	0.32	8536
15	23	8123	0.28	8146
16	25	8197	0.30	8222
17	16	8322	0.19	8338
18	18	8377	0.21	8395
19	28	8302	0.34	8330
20	17	8432	0.20	8449
21	21	8132	0.26	8153
22	17	8271	0.21	8288
23	22	8173	0.27	8195
24	18	8095	0.22	8113
25	30	8059	0.37	8089
26	22	8169	0.27	8191
27	23	8212	0.28	8235
28	33	8127	0.40	8160
29	17	8005	0.21	8022
30	14	8145	0.17	8159
31	29	8190	0.35	8219
32	17	8172	0.21	8189
33	34	7977	0.42	8011
34	23	8021	0.29	8044
35	18	8011	0.22	8029
36	20	8061	0.25	8081
37	17	8179	0.21	8196
38	17	8102	0.21	8119
39	20	8114	0.25	8134
40	21	8002	0.26	8023
41	22	8005	0.27	8027
42	23	7864	0.29	7887
43	17	7744	0.22	7761
44	17	7611	0.22	7628
45	21	7708	0.27	7729
46	18	7798	0.23	7816
47	21	7461	0.28	7482
48	15	7561	0.20	7576
49	16	7339	0.22	7355
50	23	7471	0.31	7494
51	16	7212	0.22	7228
52	19	7103	0.27	7122
53	27	7178	0.37	7205
54	18	6945	0.26	6963
55	30	6874	0.43	6904
56	14	6762	0.21	6776
57	9	6727	0.13	6736
58	12	6479	0.18	6491
59	19	6352	0.30	6371
60	12	6249	0.19	6261
61	15	6127	0.24	6142
62	16	6069	0.26	6085
63	11	5898	0.19	5909
64	14	5738	0.24	5752
65	17	5616	0.30	5633
66	14	5310	0.26	5324
67	11	5299	0.21	5310
68	13	5095	0.25	5108
69	16	4921	0.32	4937
70	19	4640	0.41	4659
71	12	4704	0.25	4716
72	5	4377	0.11	4382
73	6	4208	0.14	4214
74	11	4065	0.27	4076
75	14	3869	0.36	3883
76	9	3687	0.24	3696
77	7	1845	0.38	1852

