CpG context (R1)
================
position	count methylated	count unmethylated	% methylation	coverage
1	460	65	87.62	525
2	433	104	80.63	537
3	387	73	84.13	460
4	424	93	82.01	517
5	497	88	84.96	585
6	503	114	81.52	617
7	439	81	84.42	520
8	458	74	86.09	532
9	448	72	86.15	520
10	458	82	84.81	540
11	487	79	86.04	566
12	499	83	85.74	582
13	439	90	82.99	529
14	478	77	86.13	555
15	463	100	82.24	563
16	456	103	81.57	559
17	448	92	82.96	540
18	463	90	83.73	553
19	470	81	85.30	551
20	448	77	85.33	525
21	439	79	84.75	518
22	453	91	83.27	544
23	448	85	84.05	533
24	489	96	83.59	585
25	409	93	81.47	502
26	432	81	84.21	513
27	462	84	84.62	546
28	414	63	86.79	477
29	457	82	84.79	539
30	465	97	82.74	562
31	443	99	81.73	542
32	451	86	83.99	537
33	407	89	82.06	496
34	406	90	81.85	496
35	429	79	84.45	508
36	479	84	85.08	563
37	442	91	82.93	533
38	405	81	83.33	486
39	429	85	83.46	514
40	429	105	80.34	534
41	416	89	82.38	505
42	434	77	84.93	511
43	421	77	84.54	498
44	418	93	81.80	511
45	430	90	82.69	520
46	404	84	82.79	488
47	416	93	81.73	509
48	388	93	80.67	481
49	427	80	84.22	507
50	420	103	80.31	523
51	418	94	81.64	512
52	402	78	83.75	480
53	408	69	85.53	477
54	423	96	81.50	519
55	405	75	84.38	480
56	408	105	79.53	513
57	409	103	79.88	512
58	421	93	81.91	514
59	415	91	82.02	506
60	416	102	80.31	518
61	393	78	83.44	471
62	421	91	82.23	512
63	396	106	78.88	502
64	419	83	83.47	502
65	415	80	83.84	495
66	424	98	81.23	522
67	428	91	82.47	519
68	396	76	83.90	472
69	405	98	80.52	503
70	397	88	81.86	485
71	424	117	78.37	541
72	421	96	81.43	517
73	400	97	80.48	497
74	388	84	82.20	472
75	398	81	83.09	479
76	437	82	84.20	519
77	433	98	81.54	531
78	434	96	81.89	530
79	420	94	81.71	514
80	417	110	79.13	527
81	415	91	82.02	506
82	425	91	82.36	516
83	379	90	80.81	469
84	412	101	80.31	513
85	424	112	79.10	536
86	433	118	78.58	551
87	419	79	84.14	498
88	441	92	82.74	533
89	419	86	82.97	505
90	389	97	80.04	486
91	376	102	78.66	478
92	349	75	82.31	424
93	267	60	81.65	327

CHG context (R1)
================
position	count methylated	count unmethylated	% methylation	coverage
1	6	1971	0.30	1977
2	4	1919	0.21	1923
3	4	2066	0.19	2070
4	7	2135	0.33	2142
5	6	2314	0.26	2320
6	7	2386	0.29	2393
7	6	2340	0.26	2346
8	7	2335	0.30	2342
9	8	2334	0.34	2342
10	5	2462	0.20	2467
11	5	2362	0.21	2367
12	5	2374	0.21	2379
13	6	2393	0.25	2399
14	4	2338	0.17	2342
15	6	2369	0.25	2375
16	6	2318	0.26	2324
17	6	2341	0.26	2347
18	11	2358	0.46	2369
19	5	2389	0.21	2394
20	5	2394	0.21	2399
21	13	2466	0.52	2479
22	9	2401	0.37	2410
23	7	2398	0.29	2405
24	3	2409	0.12	2412
25	12	2307	0.52	2319
26	8	2319	0.34	2327
27	7	2336	0.30	2343
28	11	2374	0.46	2385
29	3	2442	0.12	2445
30	8	2382	0.33	2390
31	10	2395	0.42	2405
32	4	2442	0.16	2446
33	12	2425	0.49	2437
34	8	2289	0.35	2297
35	6	2403	0.25	2409
36	5	2317	0.22	2322
37	8	2477	0.32	2485
38	1	2380	0.04	2381
39	9	2420	0.37	2429
40	9	2315	0.39	2324
41	4	2443	0.16	2447
42	12	2360	0.51	2372
43	5	2264	0.22	2269
44	7	2365	0.30	2372
45	5	2316	0.22	2321
46	4	2294	0.17	2298
47	9	2353	0.38	2362
48	4	2390	0.17	2394
49	5	2334	0.21	2339
50	7	2298	0.30	2305
51	7	2379	0.29	2386
52	7	2264	0.31	2271
53	6	2331	0.26	2337
54	8	2296	0.35	2304
55	8	2402	0.33	2410
56	7	2331	0.30	2338
57	8	2341	0.34	2349
58	7	2355	0.30	2362
59	8	2333	0.34	2341
60	5	2327	0.21	2332
61	7	2307	0.30	2314
62	9	2384	0.38	2393
63	6	2336	0.26	2342
64	7	2381	0.29	2388
65	4	2305	0.17	2309
66	5	2282	0.22	2287
67	9	2272	0.39	2281
68	8	2342	0.34	2350
69	9	2397	0.37	2406
70	5	2358	0.21	2363
71	8	2388	0.33	2396
72	3	2390	0.13	2393
73	10	2288	0.44	2298
74	4	2360	0.17	2364
75	3	2362	0.13	2365
76	6	2308	0.26	2314
77	1	2324	0.04	2325
78	8	2407	0.33	2415
79	7	2362	0.30	2369
80	5	2393	0.21	2398
81	3	2465	0.12	2468
82	7	2375	0.29	2382
83	13	2398	0.54	2411
84	5	2267	0.22	2272
85	5	2371	0.21	2376
86	6	2366	0.25	2372
87	12	2313	0.52	2325
88	13	2412	0.54	2425
89	7	2374	0.29	2381
90	10	2223	0.45	2233
91	7	2239	0.31	2246
92	9	1993	0.45	2002
93	4	1208	0.33	1212

CHH context (R1)
================
position	count methylated	count unmethylated	% methylation	coverage
1	23	6880	0.33	6903
2	28	6981	0.40	7009
3	20	6593	0.30	6613
4	28	6915	0.40	6943
5	26	7661	0.34	7687
6	24	7974	0.30	7998
7	21	8154	0.26	8175
8	20	8280	0.24	8300
9	24	8139	0.29	8163
10	24	8199	0.29	8223
11	26	8127	0.32	8153
12	22	8212	0.27	8234
13	27	8322	0.32	8349
14	26	8313	0.31	8339
15	30	8459	0.35	8489
16	26	8353	0.31	8379
17	20	8514	0.23	8534
18	33	8431	0.39	8464
19	28	8490	0.33	8518
20	21	8282	0.25	8303
21	27	8472	0.32	8499
22	24	8306	0.29	8330
23	31	8429	0.37	8460
24	31	8701	0.36	8732
25	21	8617	0.24	8638
26	24	8451	0.28	8475
27	23	8622	0.27	8645
28	29	8426	0.34	8455
29	26	8302	0.31	8328
30	26	8438	0.31	8464
31	19	8327	0.23	8346
32	20	8092	0.25	8112
33	23	8091	0.28	8114
34	24	8387	0.29	8411
35	23	8294	0.28	8317
36	14	8495	0.16	8509
37	21	8296	0.25	8317
38	31	8328	0.37	8359
39	30	8262	0.36	8292
40	25	8124	0.31	8149
41	25	8001	0.31	8026
42	19	8082	0.23	8101
43	24	8041	0.30	8065
44	32	8243	0.39	8275
45	25	8433	0.30	8458
46	21	8480	0.25	8501
47	22	8354	0.26	8376
48	17	8283	0.20	8300
49	16	8179	0.20	8195
50	27	8121	0.33	8148
51	24	8106	0.30	8130
52	26	8180	0.32	8206
53	30	8234	0.36	8264
54	20	8513	0.23	8533
55	22	8307	0.26	8329
56	23	8385	0.27	8408
57	18	8351	0.22	8369
58	32	8128	0.39	8160
59	28	8261	0.34	8289
60	16	8357	0.19	8373
61	31	8146	0.38	8177
62	21	8011	0.26	8032
63	20	8137	0.25	8157
64	20	8259	0.24	8279
65	17	8188	0.21	8205
66	25	8213	0.30	8238
67	21	8117	0.26	8138
68	25	8167	0.31	8192
69	19	8186	0.23	8205
70	22	8208	0.27	8230
71	19	8123	0.23	8142
72	23	8235	0.28	8258
73	27	8054	0.33	8081
74	30	8198	0.36	8228
75	23	8155	0.28	8178
76	25	8409	0.30	8434
77	30	8419	0.36	8449
78	35	8379	0.42	8414
79	24	8456	0.28	8480
80	26	8476	0.31	8502
81	34	8302	0.41	8336
82	23	8271	0.28	8294
83	30	8226	0.36	8256
84	29	8471	0.34	8500
85	20	8541	0.23	8561
86	27	8358	0.32	8385
87	31	8289	0.37	8320
88	29	8478	0.34	8507
89	30	8240	0.36	8270
90	29	8372	0.35	8401
91	40	7754	0.51	7794
92	30	7435	0.40	7465
93	16	5038	0.32	5054

CpG context (R2)
================
position	count methylated	count unmethylated	% methylation	coverage
1	441	107	80.47	548
2	399	110	78.39	509
3	410	93	81.51	503
4	426	92	82.24	518
5	433	95	82.01	528
6	507	85	85.64	592
7	486	78	86.17	564
8	434	115	79.05	549
9	475	91	83.92	566
10	507	94	84.36	601
11	522	73	87.73	595
12	486	92	84.08	578
13	491	94	83.93	585
14	461	94	83.06	555
15	452	91	83.24	543
16	430	83	83.82	513
17	453	84	84.36	537
18	471	93	83.51	564
19	420	93	81.87	513
20	421	98	81.12	519
21	481	88	84.53	569
22	460	91	83.48	551
23	401	96	80.68	497
24	426	93	82.08	519
25	453	91	83.27	544
26	423	81	83.93	504
27	424	88	82.81	512
28	402	70	85.17	472
29	432	85	83.56	517
30	404	64	86.32	468
31	426	81	84.02	507
32	410	87	82.49	497
33	422	83	83.56	505
34	415	76	84.52	491
35	430	83	83.82	513
36	412	84	83.06	496
37	383	97	79.79	480
38	387	79	83.05	466
39	409	80	83.64	489
40	402	80	83.40	482
41	392	84	82.35	476
42	347	82	80.89	429
43	360	70	83.72	430
44	352	81	81.29	433
45	356	74	82.79	430
46	342	72	82.61	414
47	373	75	83.26	448
48	361	85	80.94	446
49	334	89	78.96	423
50	341	72	82.57	413
51	319	75	80.96	394
52	368	67	84.60	435
53	336	62	84.42	398
54	316	72	81.44	388
55	308	69	81.70	377
56	318	75	80.92	393
57	277	67	80.52	344
58	318	76	80.71	394
59	266	67	79.88	333
60	288	71	80.22	359
61	278	62	81.76	340
62	287	66	81.30	353
63	255	77	76.81	332
64	269	58	82.26	327
65	230	55	80.70	285
66	231	52	81.63	283
67	214	56	79.26	270
68	227	58	79.65	285
69	218	39	84.82	257
70	214	43	83.27	257
71	204	56	78.46	260
72	174	48	78.38	222
73	201	44	82.04	245
74	203	45	81.85	248
75	135	47	74.18	182
76	167	39	81.07	206
77	92	35	72.44	127

CHG context (R2)
================
position	count methylated	count unmethylated	% methylation	coverage
1	85	2448	3.36	2533
2	43	2416	1.75	2459
3	27	2348	1.14	2375
4	12	2415	0.49	2427
5	7	2378	0.29	2385
6	7	2387	0.29	2394
7	8	2364	0.34	2372
8	5	2410	0.21	2415
9	6	2343	0.26	2349
10	7	2496	0.28	2503
11	7	2398	0.29	2405
12	10	2341	0.43	2351
13	7	2410	0.29	2417
14	5	2306	0.22	2311
15	5	2322	0.21	2327
16	9	2332	0.38	2341
17	11	2373	0.46	2384
18	6	2316	0.26	2322
19	7	2298	0.30	2305
20	8	2367	0.34	2375
21	7	2373	0.29	2380
22	5	2316	0.22	2321
23	7	2294	0.30	2301
24	8	2404	0.33	2412
25	8	2360	0.34	2368
26	9	2447	0.37	2456
27	7	2284	0.31	2291
28	6	2265	0.26	2271
29	8	2278	0.35	2286
30	7	2244	0.31	2251
31	5	2264	0.22	2269
32	6	2291	0.26	2297
33	9	2232	0.40	2241
34	10	2245	0.44	2255
35	10	2183	0.46	2193
36	3	2188	0.14	2191
37	9	2220	0.40	2229
38	7	2060	0.34	2067
39	8	2209	0.36	2217
40	10	2155	0.46	2165
41	5	2149	0.23	2154
42	4	2086	0.19	2090
43	8	2114	0.38	2122
44	5	2105	0.24	2110
45	5	2050	0.24	2055
46	3	2060	0.15	2063
47	6	2005	0.30	2011
48	2	2072	0.10	2074
49	5	1922	0.26	1927
50	6	1968	0.30	1974
51	5	1953	0.26	1958
52	7	1864	0.37	1871
53	5	1893	0.26	1898
54	9	1806	0.50	1815
55	6	1818	0.33	1824
56	5	1722	0.29	1727
57	4	1808	0.22	1812
58	8	1677	0.47	1685
59	4	1668	0.24	1672
60	3	1587	0.19	1590
61	10	1589	0.63	1599
62	7	1535	0.45	1542
63	7	1496	0.47	1503
64	3	1417	0.21	1420
65	4	1371	0.29	1375
66	4	1348	0.30	1352
67	3	1412	0.21	1415
68	5	1293	0.39	1298
69	2	1238	0.16	1240
70	4	1188	0.34	1192
71	0	1113	0.00	1113
72	0	1041	0.00	1041
73	5	1090	0.46	1095
74	4	946	0.42	950
75	1	940	0.11	941
76	2	851	0.23	853
77	3	443	0.67	446

CHH context (R2)
================
position	count methylated	count unmethylated	% methylation	coverage
1	282	8363	3.26	8645
2	207	8361	2.42	8568
3	139	8366	1.63	8505
4	79	8323	0.94	8402
5	55	8458	0.65	8513
6	33	8312	0.40	8345
7	32	8439	0.38	8471
8	28	8223	0.34	8251
9	22	8125	0.27	8147
10	31	8148	0.38	8179
11	29	8146	0.35	8175
12	21	8159	0.26	8180
13	25	8126	0.31	8151
14	25	8009	0.31	8034
15	30	7894	0.38	7924
16	22	7943	0.28	7965
17	25	8028	0.31	8053
18	23	8015	0.29	8038
19	24	8186	0.29	8210
20	30	8079	0.37	8109
21	27	7894	0.34	7921
22	21	7831	0.27	7852
23	24	7829	0.31	7853
24	20	7775	0.26	7795
25	16	7843	0.20	7859
26	21	7783	0.27	7804
27	23	8076	0.28	8099
28	26	8017	0.32	8043
29	22	7889	0.28	7911
30	21	7908	0.26	7929
31	25	7868	0.32	7893
32	25	7805	0.32	7830
33	31	7878	0.39	7909
34	23	7970	0.29	7993
35	20	7773	0.26	7793
36	17	7658	0.22	7675
37	30	7674	0.39	7704
38	15	7615	0.20	7630
39	19	7543	0.25	7562
40	19	7691	0.25	7710
41	28	7634	0.37	7662
42	24	7492	0.32	7516
43	20	7495	0.27	7515
44	16	7359	0.22	7375
45	18	7260	0.25	7278
46	19	7249	0.26	7268
47	15	7258	0.21	7273
48	16	6939	0.23	6955
49	21	6945	0.30	6966
50	21	6832	0.31	6853
51	13	6872	0.19	6885
52	19	6728	0.28	6747
53	17	6624	0.26	6641
54	18	6388	0.28	6406
55	19	6366	0.30	6385
56	19	6169	0.31	6188
57	17	6043	0.28	6060
58	22	5962	0.37	5984
59	22	5971	0.37	5993
60	14	5743	0.24	5757
61	14	5661	0.25	5675
62	17	5506	0.31	5523
63	10	5325	0.19	5335
64	19	5096	0.37	5115
65	12	5042	0.24	5054
66	19	4820	0.39	4839
67	17	4551	0.37	4568
68	9	4459	0.20	4468
69	18	4262	0.42	4280
70	10	4101	0.24	4111
71	16	3887	0.41	3903
72	16	3713	0.43	3729
73	7	3586	0.19	3593
74	13	3510	0.37	3523
75	5	3313	0.15	3318
76	15	3157	0.47	3172
77	4	1529	0.26	1533

