CpG context (R1)
================
position	count methylated	count unmethylated	% methylation	coverage
1	407	73	84.79	480
2	352	93	79.10	445
3	376	85	81.56	461
4	405	88	82.15	493
5	461	89	83.82	550
6	500	106	82.51	606
7	417	89	82.41	506
8	419	103	80.27	522
9	451	89	83.52	540
10	452	81	84.80	533
11	479	106	81.88	585
12	469	107	81.42	576
13	479	91	84.04	570
14	461	89	83.82	550
15	445	98	81.95	543
16	428	101	80.91	529
17	482	77	86.23	559
18	466	107	81.33	573
19	424	82	83.79	506
20	459	79	85.32	538
21	425	94	81.89	519
22	442	94	82.46	536
23	468	91	83.72	559
24	468	99	82.54	567
25	422	97	81.31	519
26	452	97	82.33	549
27	459	100	82.11	559
28	440	84	83.97	524
29	437	103	80.93	540
30	440	88	83.33	528
31	459	91	83.45	550
32	438	82	84.23	520
33	408	99	80.47	507
34	434	99	81.43	533
35	479	95	83.45	574
36	463	91	83.57	554
37	440	97	81.94	537
38	445	77	85.25	522
39	385	77	83.33	462
40	431	109	79.81	540
41	413	101	80.35	514
42	413	100	80.51	513
43	439	81	84.42	520
44	428	98	81.37	526
45	445	107	80.62	552
46	418	91	82.12	509
47	403	103	79.64	506
48	433	93	82.32	526
49	425	90	82.52	515
50	409	105	79.57	514
51	452	112	80.14	564
52	412	90	82.07	502
53	407	88	82.22	495
54	407	91	81.73	498
55	469	91	83.75	560
56	393	87	81.88	480
57	407	92	81.56	499
58	419	103	80.27	522
59	413	88	82.44	501
60	434	99	81.43	533
61	405	98	80.52	503
62	416	101	80.46	517
63	377	74	83.59	451
64	425	108	79.74	533
65	387	118	76.63	505
66	400	87	82.14	487
67	387	90	81.13	477
68	425	108	79.74	533
69	418	93	81.80	511
70	419	90	82.32	509
71	456	97	82.46	553
72	410	115	78.10	525
73	425	83	83.66	508
74	418	111	79.02	529
75	441	109	80.18	550
76	426	105	80.23	531
77	406	134	75.19	540
78	392	92	80.99	484
79	409	102	80.04	511
80	401	103	79.56	504
81	413	95	81.30	508
82	418	82	83.60	500
83	419	104	80.11	523
84	438	101	81.26	539
85	436	110	79.85	546
86	436	106	80.44	542
87	421	109	79.43	530
88	422	102	80.53	524
89	438	104	80.81	542
90	414	97	81.02	511
91	392	86	82.01	478
92	353	85	80.59	438
93	273	61	81.74	334

CHG context (R1)
================
position	count methylated	count unmethylated	% methylation	coverage
1	10	1928	0.52	1938
2	6	2104	0.28	2110
3	3	2086	0.14	2089
4	8	2198	0.36	2206
5	8	2458	0.32	2466
6	3	2385	0.13	2388
7	3	2378	0.13	2381
8	7	2304	0.30	2311
9	7	2382	0.29	2389
10	10	2445	0.41	2455
11	3	2377	0.13	2380
12	12	2425	0.49	2437
13	8	2302	0.35	2310
14	7	2386	0.29	2393
15	10	2366	0.42	2376
16	6	2272	0.26	2278
17	11	2330	0.47	2341
18	5	2331	0.21	2336
19	8	2382	0.33	2390
20	8	2392	0.33	2400
21	8	2387	0.33	2395
22	7	2425	0.29	2432
23	8	2439	0.33	2447
24	17	2379	0.71	2396
25	13	2340	0.55	2353
26	5	2387	0.21	2392
27	8	2315	0.34	2323
28	11	2447	0.45	2458
29	5	2449	0.20	2454
30	13	2439	0.53	2452
31	11	2440	0.45	2451
32	11	2409	0.45	2420
33	5	2362	0.21	2367
34	4	2464	0.16	2468
35	9	2369	0.38	2378
36	8	2404	0.33	2412
37	9	2445	0.37	2454
38	7	2412	0.29	2419
39	10	2430	0.41	2440
40	12	2423	0.49	2435
41	7	2337	0.30	2344
42	8	2340	0.34	2348
43	11	2443	0.45	2454
44	8	2352	0.34	2360
45	8	2367	0.34	2375
46	7	2421	0.29	2428
47	8	2405	0.33	2413
48	15	2413	0.62	2428
49	9	2474	0.36	2483
50	10	2388	0.42	2398
51	10	2497	0.40	2507
52	7	2377	0.29	2384
53	7	2337	0.30	2344
54	7	2373	0.29	2380
55	9	2312	0.39	2321
56	5	2386	0.21	2391
57	9	2285	0.39	2294
58	4	2370	0.17	2374
59	9	2342	0.38	2351
60	14	2404	0.58	2418
61	12	2345	0.51	2357
62	8	2509	0.32	2517
63	4	2413	0.17	2417
64	7	2433	0.29	2440
65	8	2328	0.34	2336
66	6	2318	0.26	2324
67	10	2420	0.41	2430
68	5	2354	0.21	2359
69	11	2327	0.47	2338
70	9	2373	0.38	2382
71	11	2402	0.46	2413
72	6	2440	0.25	2446
73	12	2307	0.52	2319
74	7	2309	0.30	2316
75	15	2320	0.64	2335
76	11	2374	0.46	2385
77	9	2364	0.38	2373
78	12	2490	0.48	2502
79	9	2419	0.37	2428
80	6	2367	0.25	2373
81	9	2458	0.36	2467
82	3	2358	0.13	2361
83	9	2464	0.36	2473
84	10	2365	0.42	2375
85	6	2296	0.26	2302
86	6	2365	0.25	2371
87	13	2366	0.55	2379
88	15	2328	0.64	2343
89	18	2339	0.76	2357
90	15	2287	0.65	2302
91	11	2256	0.49	2267
92	15	2037	0.73	2052
93	6	1199	0.50	1205

CHH context (R1)
================
position	count methylated	count unmethylated	% methylation	coverage
1	28	6714	0.42	6742
2	21	6812	0.31	6833
3	25	6707	0.37	6732
4	28	7016	0.40	7044
5	25	7501	0.33	7526
6	31	7873	0.39	7904
7	37	8083	0.46	8120
8	27	8264	0.33	8291
9	21	8306	0.25	8327
10	30	8242	0.36	8272
11	22	8169	0.27	8191
12	24	8152	0.29	8176
13	25	8335	0.30	8360
14	24	8270	0.29	8294
15	35	8315	0.42	8350
16	27	8336	0.32	8363
17	27	8272	0.33	8299
18	27	8583	0.31	8610
19	17	8393	0.20	8410
20	23	8223	0.28	8246
21	29	8334	0.35	8363
22	24	8494	0.28	8518
23	35	8457	0.41	8492
24	30	8360	0.36	8390
25	20	8533	0.23	8553
26	27	8397	0.32	8424
27	18	8423	0.21	8441
28	22	8488	0.26	8510
29	37	8554	0.43	8591
30	27	8390	0.32	8417
31	26	8208	0.32	8234
32	24	8160	0.29	8184
33	19	8307	0.23	8326
34	20	8285	0.24	8305
35	30	8309	0.36	8339
36	31	8343	0.37	8374
37	31	8203	0.38	8234
38	31	8287	0.37	8318
39	26	8158	0.32	8184
40	29	7952	0.36	7981
41	34	7930	0.43	7964
42	25	7882	0.32	7907
43	37	8106	0.45	8143
44	17	8250	0.21	8267
45	34	8234	0.41	8268
46	43	8270	0.52	8313
47	38	8409	0.45	8447
48	38	8305	0.46	8343
49	32	8176	0.39	8208
50	29	8179	0.35	8208
51	33	8149	0.40	8182
52	36	8313	0.43	8349
53	41	8288	0.49	8329
54	27	8304	0.32	8331
55	36	8431	0.43	8467
56	27	8392	0.32	8419
57	29	8310	0.35	8339
58	39	8222	0.47	8261
59	33	8324	0.39	8357
60	37	8221	0.45	8258
61	39	8265	0.47	8304
62	33	8062	0.41	8095
63	23	8213	0.28	8236
64	29	8227	0.35	8256
65	25	8271	0.30	8296
66	27	8300	0.32	8327
67	25	8282	0.30	8307
68	34	8308	0.41	8342
69	36	8278	0.43	8314
70	44	8194	0.53	8238
71	32	8340	0.38	8372
72	31	7969	0.39	8000
73	38	8110	0.47	8148
74	35	8196	0.43	8231
75	40	8393	0.47	8433
76	37	8355	0.44	8392
77	42	8396	0.50	8438
78	44	8466	0.52	8510
79	33	8397	0.39	8430
80	49	8464	0.58	8513
81	42	8431	0.50	8473
82	33	8118	0.40	8151
83	32	8157	0.39	8189
84	37	8319	0.44	8356
85	41	8352	0.49	8393
86	46	8363	0.55	8409
87	52	8303	0.62	8355
88	38	8408	0.45	8446
89	49	8287	0.59	8336
90	36	8285	0.43	8321
91	50	8050	0.62	8100
92	46	7306	0.63	7352
93	49	4930	0.98	4979

CpG context (R2)
================
position	count methylated	count unmethylated	% methylation	coverage
1	470	113	80.62	583
2	431	105	80.41	536
3	516	103	83.36	619
4	438	102	81.11	540
5	451	102	81.56	553
6	459	96	82.70	555
7	464	90	83.75	554
8	519	109	82.64	628
9	491	105	82.38	596
10	448	92	82.96	540
11	474	98	82.87	572
12	477	105	81.96	582
13	479	95	83.45	574
14	478	64	88.19	542
15	425	94	81.89	519
16	458	97	82.52	555
17	452	111	80.28	563
18	459	101	81.96	560
19	434	78	84.77	512
20	432	86	83.40	518
21	461	80	85.21	541
22	427	95	81.80	522
23	435	117	78.80	552
24	371	89	80.65	460
25	396	88	81.82	484
26	445	95	82.41	540
27	432	101	81.05	533
28	377	82	82.14	459
29	392	100	79.67	492
30	423	96	81.50	519
31	418	97	81.17	515
32	390	80	82.98	470
33	374	90	80.60	464
34	406	90	81.85	496
35	381	82	82.29	463
36	423	103	80.42	526
37	390	80	82.98	470
38	364	87	80.71	451
39	380	86	81.55	466
40	363	83	81.39	446
41	375	85	81.52	460
42	367	72	83.60	439
43	365	83	81.47	448
44	347	75	82.23	422
45	367	73	83.41	440
46	383	79	82.90	462
47	317	68	82.34	385
48	364	83	81.43	447
49	309	77	80.05	386
50	302	85	78.04	387
51	343	81	80.90	424
52	318	69	82.17	387
53	319	68	82.43	387
54	281	75	78.93	356
55	300	72	80.65	372
56	270	70	79.41	340
57	283	74	79.27	357
58	272	74	78.61	346
59	255	76	77.04	331
60	268	52	83.75	320
61	233	56	80.62	289
62	274	77	78.06	351
63	228	66	77.55	294
64	222	66	77.08	288
65	239	58	80.47	297
66	212	64	76.81	276
67	232	48	82.86	280
68	202	56	78.29	258
69	176	44	80.00	220
70	198	37	84.26	235
71	172	41	80.75	213
72	165	39	80.88	204
73	173	51	77.23	224
74	157	42	78.89	199
75	159	51	75.71	210
76	168	37	81.95	205
77	73	25	74.49	98

CHG context (R2)
================
position	count methylated	count unmethylated	% methylation	coverage
1	88	2475	3.43	2563
2	65	2373	2.67	2438
3	30	2418	1.23	2448
4	15	2377	0.63	2392
5	10	2401	0.41	2411
6	4	2367	0.17	2371
7	11	2380	0.46	2391
8	9	2373	0.38	2382
9	10	2393	0.42	2403
10	9	2420	0.37	2429
11	15	2425	0.61	2440
12	4	2260	0.18	2264
13	7	2405	0.29	2412
14	10	2363	0.42	2373
15	7	2285	0.31	2292
16	6	2254	0.27	2260
17	7	2297	0.30	2304
18	16	2258	0.70	2274
19	6	2285	0.26	2291
20	6	2238	0.27	2244
21	10	2228	0.45	2238
22	4	2362	0.17	2366
23	12	2310	0.52	2322
24	12	2356	0.51	2368
25	7	2302	0.30	2309
26	8	2296	0.35	2304
27	12	2282	0.52	2294
28	9	2237	0.40	2246
29	8	2264	0.35	2272
30	9	2236	0.40	2245
31	8	2165	0.37	2173
32	2	2166	0.09	2168
33	10	2203	0.45	2213
34	3	2174	0.14	2177
35	8	2127	0.37	2135
36	4	2113	0.19	2117
37	4	2139	0.19	2143
38	9	2030	0.44	2039
39	5	2059	0.24	2064
40	9	2070	0.43	2079
41	7	2110	0.33	2117
42	9	2051	0.44	2060
43	9	1977	0.45	1986
44	8	2061	0.39	2069
45	3	1962	0.15	1965
46	3	1962	0.15	1965
47	9	1996	0.45	2005
48	9	1913	0.47	1922
49	11	1799	0.61	1810
50	4	1845	0.22	1849
51	2	1883	0.11	1885
52	6	1697	0.35	1703
53	2	1738	0.11	1740
54	8	1742	0.46	1750
55	7	1645	0.42	1652
56	7	1608	0.43	1615
57	8	1614	0.49	1622
58	8	1537	0.52	1545
59	1	1587	0.06	1588
60	6	1495	0.40	1501
61	7	1423	0.49	1430
62	7	1352	0.52	1359
63	9	1402	0.64	1411
64	7	1328	0.52	1335
65	8	1317	0.60	1325
66	6	1246	0.48	1252
67	4	1141	0.35	1145
68	5	1144	0.44	1149
69	4	1106	0.36	1110
70	6	1103	0.54	1109
71	3	992	0.30	995
72	1	939	0.11	940
73	6	931	0.64	937
74	2	887	0.22	889
75	4	897	0.44	901
76	6	775	0.77	781
77	6	391	1.51	397

CHH context (R2)
================
position	count methylated	count unmethylated	% methylation	coverage
1	366	7853	4.45	8219
2	231	7916	2.84	8147
3	135	8018	1.66	8153
4	82	7968	1.02	8050
5	57	8012	0.71	8069
6	41	8151	0.50	8192
7	36	8009	0.45	8045
8	35	8063	0.43	8098
9	25	7996	0.31	8021
10	22	7937	0.28	7959
11	24	7803	0.31	7827
12	36	7797	0.46	7833
13	25	7818	0.32	7843
14	19	7643	0.25	7662
15	24	7915	0.30	7939
16	19	7698	0.25	7717
17	26	7821	0.33	7847
18	27	7861	0.34	7888
19	27	7818	0.34	7845
20	24	7727	0.31	7751
21	41	7655	0.53	7696
22	21	7677	0.27	7698
23	22	7511	0.29	7533
24	29	7632	0.38	7661
25	30	7640	0.39	7670
26	31	7723	0.40	7754
27	42	7550	0.55	7592
28	32	7592	0.42	7624
29	20	7457	0.27	7477
30	25	7528	0.33	7553
31	31	7405	0.42	7436
32	23	7345	0.31	7368
33	18	7467	0.24	7485
34	33	7484	0.44	7517
35	27	7427	0.36	7454
36	36	7448	0.48	7484
37	32	7353	0.43	7385
38	25	7184	0.35	7209
39	25	7276	0.34	7301
40	21	7143	0.29	7164
41	24	7228	0.33	7252
42	18	7124	0.25	7142
43	26	7158	0.36	7184
44	20	6964	0.29	6984
45	25	6802	0.37	6827
46	30	6676	0.45	6706
47	14	6598	0.21	6612
48	20	6548	0.30	6568
49	28	6537	0.43	6565
50	26	6309	0.41	6335
51	22	6266	0.35	6288
52	22	6193	0.35	6215
53	20	6020	0.33	6040
54	26	5992	0.43	6018
55	23	5830	0.39	5853
56	18	5717	0.31	5735
57	26	5625	0.46	5651
58	18	5444	0.33	5462
59	15	5294	0.28	5309
60	23	5227	0.44	5250
61	17	5055	0.34	5072
62	14	5011	0.28	5025
63	16	4769	0.33	4785
64	20	4698	0.42	4718
65	16	4510	0.35	4526
66	21	4333	0.48	4354
67	15	4268	0.35	4283
68	20	4113	0.48	4133
69	17	3753	0.45	3770
70	11	3779	0.29	3790
71	11	3605	0.30	3616
72	15	3400	0.44	3415
73	19	3257	0.58	3276
74	20	3120	0.64	3140
75	10	2976	0.33	2986
76	10	2823	0.35	2833
77	7	1381	0.50	1388

