CpG context (R1)
================
position	count methylated	count unmethylated	% methylation	coverage
1	406	82	83.20	488
2	350	91	79.37	441
3	404	92	81.45	496
4	407	106	79.34	513
5	461	102	81.88	563
6	460	105	81.42	565
7	462	116	79.93	578
8	442	96	82.16	538
9	448	93	82.81	541
10	451	96	82.45	547
11	512	97	84.07	609
12	457	117	79.62	574
13	504	93	84.42	597
14	463	101	82.09	564
15	514	109	82.50	623
16	478	103	82.27	581
17	468	100	82.39	568
18	493	95	83.84	588
19	474	107	81.58	581
20	475	106	81.76	581
21	480	87	84.66	567
22	459	104	81.53	563
23	480	116	80.54	596
24	423	102	80.57	525
25	444	86	83.77	530
26	453	96	82.51	549
27	462	92	83.39	554
28	473	100	82.55	573
29	482	87	84.71	569
30	481	107	81.80	588
31	505	106	82.65	611
32	427	104	80.41	531
33	454	97	82.40	551
34	436	96	81.95	532
35	458	106	81.21	564
36	474	96	83.16	570
37	409	104	79.73	513
38	421	90	82.39	511
39	486	106	82.09	592
40	427	98	81.33	525
41	448	114	79.72	562
42	466	108	81.18	574
43	474	98	82.87	572
44	445	101	81.50	546
45	432	101	81.05	533
46	400	107	78.90	507
47	427	86	83.24	513
48	451	96	82.45	547
49	404	88	82.11	492
50	404	99	80.32	503
51	448	117	79.29	565
52	480	100	82.76	580
53	436	95	82.11	531
54	395	101	79.64	496
55	493	103	82.72	596
56	428	114	78.97	542
57	436	102	81.04	538
58	409	104	79.73	513
59	457	107	81.03	564
60	455	96	82.58	551
61	432	106	80.30	538
62	430	103	80.68	533
63	425	96	81.57	521
64	438	102	81.11	540
65	407	112	78.42	519
66	388	112	77.60	500
67	407	127	76.22	534
68	481	96	83.36	577
69	436	115	79.13	551
70	473	110	81.13	583
71	411	111	78.74	522
72	425	101	80.80	526
73	429	103	80.64	532
74	424	102	80.61	526
75	451	103	81.41	554
76	506	101	83.36	607
77	440	103	81.03	543
78	444	118	79.00	562
79	456	116	79.72	572
80	419	117	78.17	536
81	454	103	81.51	557
82	443	113	79.68	556
83	411	107	79.34	518
84	402	94	81.05	496
85	416	125	76.89	541
86	459	115	79.97	574
87	416	108	79.39	524
88	420	104	80.15	524
89	437	117	78.88	554
90	444	104	81.02	548
91	387	114	77.25	501
92	379	79	82.75	458
93	268	71	79.06	339

CHG context (R1)
================
position	count methylated	count unmethylated	% methylation	coverage
1	4	2163	0.18	2167
2	0	2040	0.00	2040
3	5	2210	0.23	2215
4	6	2460	0.24	2466
5	5	2477	0.20	2482
6	3	2577	0.12	2580
7	12	2577	0.46	2589
8	6	2459	0.24	2465
9	2	2450	0.08	2452
10	9	2505	0.36	2514
11	2	2475	0.08	2477
12	7	2618	0.27	2625
13	4	2537	0.16	2541
14	5	2569	0.19	2574
15	5	2422	0.21	2427
16	3	2388	0.13	2391
17	5	2440	0.20	2445
18	11	2529	0.43	2540
19	2	2534	0.08	2536
20	9	2631	0.34	2640
21	2	2514	0.08	2516
22	6	2579	0.23	2585
23	9	2509	0.36	2518
24	12	2458	0.49	2470
25	7	2505	0.28	2512
26	2	2491	0.08	2493
27	8	2527	0.32	2535
28	9	2495	0.36	2504
29	3	2601	0.12	2604
30	4	2561	0.16	2565
31	7	2497	0.28	2504
32	7	2466	0.28	2473
33	13	2481	0.52	2494
34	5	2525	0.20	2530
35	11	2519	0.43	2530
36	5	2487	0.20	2492
37	9	2519	0.36	2528
38	1	2563	0.04	2564
39	5	2480	0.20	2485
40	8	2519	0.32	2527
41	8	2543	0.31	2551
42	3	2427	0.12	2430
43	5	2375	0.21	2380
44	5	2480	0.20	2485
45	8	2584	0.31	2592
46	6	2494	0.24	2500
47	7	2514	0.28	2521
48	2	2520	0.08	2522
49	6	2404	0.25	2410
50	8	2533	0.31	2541
51	5	2483	0.20	2488
52	4	2458	0.16	2462
53	13	2459	0.53	2472
54	9	2493	0.36	2502
55	6	2520	0.24	2526
56	6	2434	0.25	2440
57	7	2441	0.29	2448
58	6	2485	0.24	2491
59	9	2475	0.36	2484
60	6	2540	0.24	2546
61	8	2441	0.33	2449
62	6	2524	0.24	2530
63	11	2670	0.41	2681
64	5	2501	0.20	2506
65	2	2408	0.08	2410
66	10	2481	0.40	2491
67	6	2533	0.24	2539
68	4	2581	0.15	2585
69	9	2499	0.36	2508
70	3	2445	0.12	2448
71	6	2495	0.24	2501
72	8	2521	0.32	2529
73	3	2424	0.12	2427
74	6	2510	0.24	2516
75	7	2433	0.29	2440
76	3	2470	0.12	2473
77	5	2433	0.21	2438
78	4	2437	0.16	2441
79	9	2524	0.36	2533
80	7	2531	0.28	2538
81	10	2557	0.39	2567
82	5	2532	0.20	2537
83	10	2528	0.39	2538
84	4	2459	0.16	2463
85	10	2447	0.41	2457
86	9	2439	0.37	2448
87	8	2567	0.31	2575
88	5	2445	0.20	2450
89	5	2448	0.20	2453
90	12	2425	0.49	2437
91	10	2337	0.43	2347
92	6	2177	0.27	2183
93	3	1332	0.22	1335

CHH context (R1)
================
position	count methylated	count unmethylated	% methylation	coverage
1	21	7146	0.29	7167
2	18	7157	0.25	7175
3	19	7153	0.26	7172
4	18	7425	0.24	7443
5	15	8009	0.19	8024
6	25	8342	0.30	8367
7	26	8731	0.30	8757
8	13	8740	0.15	8753
9	20	8668	0.23	8688
10	17	8660	0.20	8677
11	24	8633	0.28	8657
12	21	8577	0.24	8598
13	31	8584	0.36	8615
14	18	8868	0.20	8886
15	25	8761	0.28	8786
16	28	8732	0.32	8760
17	19	8849	0.21	8868
18	24	8922	0.27	8946
19	20	8861	0.23	8881
20	29	8748	0.33	8777
21	20	8831	0.23	8851
22	22	8691	0.25	8713
23	22	8753	0.25	8775
24	12	8864	0.14	8876
25	23	8925	0.26	8948
26	21	8933	0.23	8954
27	25	8901	0.28	8926
28	23	8790	0.26	8813
29	15	8636	0.17	8651
30	21	8730	0.24	8751
31	23	8644	0.27	8667
32	19	8535	0.22	8554
33	27	8548	0.31	8575
34	21	8887	0.24	8908
35	13	8524	0.15	8537
36	22	8722	0.25	8744
37	29	9041	0.32	9070
38	14	8855	0.16	8869
39	28	8731	0.32	8759
40	19	8534	0.22	8553
41	21	8404	0.25	8425
42	27	8253	0.33	8280
43	17	8289	0.20	8306
44	28	8541	0.33	8569
45	20	8723	0.23	8743
46	22	8790	0.25	8812
47	29	8697	0.33	8726
48	21	8650	0.24	8671
49	24	8596	0.28	8620
50	27	8552	0.31	8579
51	24	8516	0.28	8540
52	28	8577	0.33	8605
53	30	8766	0.34	8796
54	25	8735	0.29	8760
55	24	8705	0.27	8729
56	16	8746	0.18	8762
57	25	8659	0.29	8684
58	25	8716	0.29	8741
59	27	8627	0.31	8654
60	18	8505	0.21	8523
61	23	8459	0.27	8482
62	17	8759	0.19	8776
63	19	8491	0.22	8510
64	22	8474	0.26	8496
65	25	8589	0.29	8614
66	21	8694	0.24	8715
67	22	8640	0.25	8662
68	27	8496	0.32	8523
69	26	8497	0.31	8523
70	24	8609	0.28	8633
71	21	8686	0.24	8707
72	23	8465	0.27	8488
73	21	8382	0.25	8403
74	16	8565	0.19	8581
75	31	8726	0.35	8757
76	27	8790	0.31	8817
77	25	8624	0.29	8649
78	39	8808	0.44	8847
79	34	8857	0.38	8891
80	30	8855	0.34	8885
81	27	8846	0.30	8873
82	27	8555	0.31	8582
83	23	8678	0.26	8701
84	34	8750	0.39	8784
85	35	8741	0.40	8776
86	27	8807	0.31	8834
87	45	8708	0.51	8753
88	45	8820	0.51	8865
89	27	8845	0.30	8872
90	49	8599	0.57	8648
91	45	8216	0.54	8261
92	26	7480	0.35	7506
93	21	5335	0.39	5356

CpG context (R2)
================
position	count methylated	count unmethylated	% methylation	coverage
1	466	113	80.48	579
2	471	106	81.63	577
3	483	115	80.77	598
4	455	100	81.98	555
5	504	105	82.76	609
6	509	119	81.05	628
7	475	110	81.20	585
8	455	113	80.11	568
9	516	103	83.36	619
10	490	104	82.49	594
11	484	109	81.62	593
12	466	100	82.33	566
13	482	96	83.39	578
14	447	81	84.66	528
15	460	100	82.14	560
16	464	98	82.56	562
17	467	112	80.66	579
18	457	73	86.23	530
19	484	114	80.94	598
20	431	113	79.23	544
21	451	108	80.68	559
22	480	93	83.77	573
23	445	101	81.50	546
24	466	92	83.51	558
25	444	83	84.25	527
26	431	102	80.86	533
27	420	102	80.46	522
28	364	89	80.35	453
29	412	81	83.57	493
30	413	78	84.11	491
31	443	80	84.70	523
32	387	104	78.82	491
33	454	101	81.80	555
34	401	109	78.63	510
35	381	95	80.04	476
36	397	93	81.02	490
37	385	76	83.51	461
38	390	105	78.79	495
39	340	106	76.23	446
40	392	88	81.67	480
41	370	95	79.57	465
42	400	96	80.65	496
43	370	95	79.57	465
44	352	103	77.36	455
45	365	74	83.14	439
46	340	79	81.15	419
47	332	97	77.39	429
48	368	90	80.35	458
49	324	91	78.07	415
50	357	78	82.07	435
51	356	77	82.22	433
52	307	74	80.58	381
53	320	86	78.82	406
54	338	86	79.72	424
55	299	79	79.10	378
56	313	76	80.46	389
57	293	70	80.72	363
58	295	73	80.16	368
59	307	71	81.22	378
60	250	72	77.64	322
61	276	61	81.90	337
62	271	69	79.71	340
63	240	61	79.73	301
64	258	62	80.62	320
65	210	55	79.25	265
66	227	60	79.09	287
67	229	49	82.37	278
68	216	63	77.42	279
69	198	38	83.90	236
70	174	46	79.09	220
71	173	53	76.55	226
72	190	43	81.55	233
73	193	46	80.75	239
74	159	59	72.94	218
75	173	45	79.36	218
76	145	42	77.54	187
77	74	14	84.09	88

CHG context (R2)
================
position	count methylated	count unmethylated	% methylation	coverage
1	79	2438	3.14	2517
2	64	2490	2.51	2554
3	30	2503	1.18	2533
4	20	2350	0.84	2370
5	11	2379	0.46	2390
6	7	2439	0.29	2446
7	9	2577	0.35	2586
8	8	2552	0.31	2560
9	3	2512	0.12	2515
10	6	2483	0.24	2489
11	6	2434	0.25	2440
12	7	2376	0.29	2383
13	10	2404	0.41	2414
14	5	2502	0.20	2507
15	2	2402	0.08	2404
16	7	2403	0.29	2410
17	5	2349	0.21	2354
18	6	2400	0.25	2406
19	6	2388	0.25	2394
20	7	2334	0.30	2341
21	10	2494	0.40	2504
22	5	2407	0.21	2412
23	7	2325	0.30	2332
24	5	2328	0.21	2333
25	8	2433	0.33	2441
26	10	2403	0.41	2413
27	6	2381	0.25	2387
28	4	2371	0.17	2375
29	3	2263	0.13	2266
30	7	2366	0.29	2373
31	5	2257	0.22	2262
32	8	2269	0.35	2277
33	6	2197	0.27	2203
34	3	2194	0.14	2197
35	6	2222	0.27	2228
36	8	2136	0.37	2144
37	5	2132	0.23	2137
38	4	2075	0.19	2079
39	7	2146	0.33	2153
40	4	2073	0.19	2077
41	4	2124	0.19	2128
42	6	2170	0.28	2176
43	3	2105	0.14	2108
44	4	2096	0.19	2100
45	4	2066	0.19	2070
46	3	1953	0.15	1956
47	10	1954	0.51	1964
48	4	1998	0.20	2002
49	5	1937	0.26	1942
50	5	1909	0.26	1914
51	6	1815	0.33	1821
52	7	1783	0.39	1790
53	1	1780	0.06	1781
54	6	1790	0.33	1796
55	5	1738	0.29	1743
56	3	1750	0.17	1753
57	7	1609	0.43	1616
58	8	1644	0.48	1652
59	4	1593	0.25	1597
60	9	1523	0.59	1532
61	5	1523	0.33	1528
62	5	1431	0.35	1436
63	5	1395	0.36	1400
64	4	1399	0.29	1403
65	6	1328	0.45	1334
66	6	1380	0.43	1386
67	3	1228	0.24	1231
68	6	1239	0.48	1245
69	4	1191	0.33	1195
70	1	1106	0.09	1107
71	1	1070	0.09	1071
72	3	1030	0.29	1033
73	2	1014	0.20	1016
74	2	963	0.21	965
75	1	938	0.11	939
76	2	817	0.24	819
77	0	429	0.00	429

CHH context (R2)
================
position	count methylated	count unmethylated	% methylation	coverage
1	359	8389	4.10	8748
2	249	8262	2.93	8511
3	138	8265	1.64	8403
4	102	8381	1.20	8483
5	51	8374	0.61	8425
6	33	8439	0.39	8472
7	30	8378	0.36	8408
8	22	8407	0.26	8429
9	30	8358	0.36	8388
10	19	8315	0.23	8334
11	27	8181	0.33	8208
12	13	8186	0.16	8199
13	20	8126	0.25	8146
14	15	8250	0.18	8265
15	21	8163	0.26	8184
16	25	8287	0.30	8312
17	24	8145	0.29	8169
18	23	8207	0.28	8230
19	24	8106	0.30	8130
20	14	8014	0.17	8028
21	16	8103	0.20	8119
22	23	8114	0.28	8137
23	15	8118	0.18	8133
24	19	8091	0.23	8110
25	16	8035	0.20	8051
26	20	7940	0.25	7960
27	19	7931	0.24	7950
28	20	7790	0.26	7810
29	13	7930	0.16	7943
30	30	7805	0.38	7835
31	24	7746	0.31	7770
32	22	7750	0.28	7772
33	20	7679	0.26	7699
34	25	7666	0.33	7691
35	20	7684	0.26	7704
36	22	7742	0.28	7764
37	24	7755	0.31	7779
38	12	7585	0.16	7597
39	19	7558	0.25	7577
40	18	7389	0.24	7407
41	20	7435	0.27	7455
42	11	7411	0.15	7422
43	23	7172	0.32	7195
44	15	7211	0.21	7226
45	11	7091	0.15	7102
46	20	6949	0.29	6969
47	18	6752	0.27	6770
48	16	6757	0.24	6773
49	15	6768	0.22	6783
50	15	6636	0.23	6651
51	17	6506	0.26	6523
52	20	6369	0.31	6389
53	20	6196	0.32	6216
54	18	6103	0.29	6121
55	13	5988	0.22	6001
56	14	5708	0.24	5722
57	14	5888	0.24	5902
58	15	5648	0.26	5663
59	9	5476	0.16	5485
60	10	5326	0.19	5336
61	13	5335	0.24	5348
62	13	5058	0.26	5071
63	14	5194	0.27	5208
64	12	4872	0.25	4884
65	10	4746	0.21	4756
66	7	4569	0.15	4576
67	13	4449	0.29	4462
68	13	4304	0.30	4317
69	17	3995	0.42	4012
70	12	3920	0.31	3932
71	7	3763	0.19	3770
72	11	3603	0.30	3614
73	6	3521	0.17	3527
74	16	3274	0.49	3290
75	6	3176	0.19	3182
76	8	3013	0.26	3021
77	7	1440	0.48	1447

