CpG context (R1)
================
position	count methylated	count unmethylated	% methylation	coverage
1	485	70	87.39	555
2	470	94	83.33	564
3	438	82	84.23	520
4	498	97	83.70	595
5	501	107	82.40	608
6	513	124	80.53	637
7	506	93	84.47	599
8	411	97	80.91	508
9	488	96	83.56	584
10	466	89	83.96	555
11	500	118	80.91	618
12	480	87	84.66	567
13	459	97	82.55	556
14	498	89	84.84	587
15	534	88	85.85	622
16	516	101	83.63	617
17	457	77	85.58	534
18	502	74	87.15	576
19	488	93	83.99	581
20	472	109	81.24	581
21	470	103	82.02	573
22	474	98	82.87	572
23	428	97	81.52	525
24	442	111	79.93	553
25	436	101	81.19	537
26	467	118	79.83	585
27	452	89	83.55	541
28	434	101	81.12	535
29	460	94	83.03	554
30	478	91	84.01	569
31	476	97	83.07	573
32	478	100	82.70	578
33	427	100	81.02	527
34	452	97	82.33	549
35	463	98	82.53	561
36	497	103	82.83	600
37	423	101	80.73	524
38	454	112	80.21	566
39	445	103	81.20	548
40	413	88	82.44	501
41	440	101	81.33	541
42	460	103	81.71	563
43	458	98	82.37	556
44	453	118	79.33	571
45	462	100	82.21	562
46	449	112	80.04	561
47	434	86	83.46	520
48	414	94	81.50	508
49	423	111	79.21	534
50	424	102	80.61	526
51	441	95	82.28	536
52	413	96	81.14	509
53	400	103	79.52	503
54	455	82	84.73	537
55	491	114	81.16	605
56	420	112	78.95	532
57	441	95	82.28	536
58	462	98	82.50	560
59	476	102	82.35	578
60	467	102	82.07	569
61	434	86	83.46	520
62	444	99	81.77	543
63	463	98	82.53	561
64	422	96	81.47	518
65	433	113	79.30	546
66	449	126	78.09	575
67	427	100	81.02	527
68	457	85	84.32	542
69	400	98	80.32	498
70	427	104	80.41	531
71	470	100	82.46	570
72	460	103	81.71	563
73	439	104	80.85	543
74	425	97	81.42	522
75	439	110	79.96	549
76	454	120	79.09	574
77	474	99	82.72	573
78	422	114	78.73	536
79	412	114	78.33	526
80	447	101	81.57	548
81	432	97	81.66	529
82	408	100	80.31	508
83	420	89	82.51	509
84	439	92	82.67	531
85	451	106	80.97	557
86	439	112	79.67	551
87	444	108	80.43	552
88	449	99	81.93	548
89	426	105	80.23	531
90	425	107	79.89	532
91	387	113	77.40	500
92	388	105	78.70	493
93	265	71	78.87	336

CHG context (R1)
================
position	count methylated	count unmethylated	% methylation	coverage
1	4	2117	0.19	2121
2	9	2104	0.43	2113
3	11	2253	0.49	2264
4	8	2370	0.34	2378
5	16	2545	0.62	2561
6	16	2528	0.63	2544
7	12	2507	0.48	2519
8	17	2432	0.69	2449
9	9	2469	0.36	2478
10	12	2551	0.47	2563
11	13	2505	0.52	2518
12	20	2523	0.79	2543
13	12	2584	0.46	2596
14	12	2561	0.47	2573
15	11	2463	0.44	2474
16	13	2437	0.53	2450
17	6	2452	0.24	2458
18	13	2454	0.53	2467
19	9	2525	0.36	2534
20	10	2574	0.39	2584
21	9	2503	0.36	2512
22	8	2591	0.31	2599
23	13	2557	0.51	2570
24	16	2532	0.63	2548
25	13	2512	0.51	2525
26	14	2386	0.58	2400
27	9	2526	0.36	2535
28	6	2551	0.23	2557
29	12	2524	0.47	2536
30	11	2553	0.43	2564
31	13	2486	0.52	2499
32	9	2575	0.35	2584
33	7	2621	0.27	2628
34	14	2446	0.57	2460
35	14	2523	0.55	2537
36	11	2428	0.45	2439
37	9	2473	0.36	2482
38	9	2563	0.35	2572
39	10	2512	0.40	2522
40	14	2561	0.54	2575
41	7	2400	0.29	2407
42	13	2500	0.52	2513
43	11	2586	0.42	2597
44	6	2450	0.24	2456
45	13	2448	0.53	2461
46	7	2496	0.28	2503
47	11	2441	0.45	2452
48	10	2494	0.40	2504
49	14	2436	0.57	2450
50	11	2420	0.45	2431
51	7	2489	0.28	2496
52	6	2512	0.24	2518
53	14	2428	0.57	2442
54	9	2485	0.36	2494
55	13	2467	0.52	2480
56	15	2390	0.62	2405
57	8	2454	0.32	2462
58	11	2469	0.44	2480
59	14	2410	0.58	2424
60	8	2411	0.33	2419
61	16	2476	0.64	2492
62	11	2500	0.44	2511
63	10	2566	0.39	2576
64	10	2462	0.40	2472
65	13	2482	0.52	2495
66	5	2529	0.20	2534
67	17	2494	0.68	2511
68	9	2512	0.36	2521
69	12	2540	0.47	2552
70	19	2479	0.76	2498
71	10	2516	0.40	2526
72	11	2467	0.44	2478
73	16	2377	0.67	2393
74	8	2555	0.31	2563
75	10	2445	0.41	2455
76	11	2457	0.45	2468
77	13	2447	0.53	2460
78	10	2510	0.40	2520
79	7	2535	0.28	2542
80	16	2625	0.61	2641
81	14	2579	0.54	2593
82	18	2488	0.72	2506
83	10	2522	0.39	2532
84	15	2523	0.59	2538
85	17	2433	0.69	2450
86	6	2554	0.23	2560
87	11	2508	0.44	2519
88	8	2498	0.32	2506
89	12	2557	0.47	2569
90	13	2458	0.53	2471
91	3	2449	0.12	2452
92	16	2188	0.73	2204
93	4	1245	0.32	1249

CHH context (R1)
================
position	count methylated	count unmethylated	% methylation	coverage
1	33	7092	0.46	7125
2	35	7313	0.48	7348
3	55	6900	0.79	6955
4	34	7127	0.47	7161
5	37	7844	0.47	7881
6	44	8205	0.53	8249
7	45	8505	0.53	8550
8	39	8633	0.45	8672
9	31	8594	0.36	8625
10	35	8469	0.41	8504
11	41	8542	0.48	8583
12	30	8408	0.36	8438
13	45	8697	0.51	8742
14	37	8684	0.42	8721
15	51	8489	0.60	8540
16	45	8558	0.52	8603
17	46	8565	0.53	8611
18	35	8775	0.40	8810
19	39	8621	0.45	8660
20	56	8882	0.63	8938
21	39	8733	0.44	8772
22	47	8752	0.53	8799
23	44	8864	0.49	8908
24	40	8869	0.45	8909
25	44	8913	0.49	8957
26	36	9030	0.40	9066
27	33	9002	0.37	9035
28	44	8830	0.50	8874
29	38	8735	0.43	8773
30	41	8753	0.47	8794
31	36	8559	0.42	8595
32	35	8483	0.41	8518
33	36	8484	0.42	8520
34	52	8585	0.60	8637
35	47	8508	0.55	8555
36	37	8733	0.42	8770
37	36	8873	0.40	8909
38	33	8719	0.38	8752
39	25	8606	0.29	8631
40	46	8308	0.55	8354
41	30	8487	0.35	8517
42	40	8412	0.47	8452
43	38	8325	0.45	8363
44	34	8341	0.41	8375
45	26	8613	0.30	8639
46	31	8930	0.35	8961
47	35	8582	0.41	8617
48	36	8616	0.42	8652
49	32	8442	0.38	8474
50	36	8484	0.42	8520
51	39	8631	0.45	8670
52	58	8544	0.67	8602
53	48	8612	0.55	8660
54	37	8594	0.43	8631
55	50	8623	0.58	8673
56	48	8620	0.55	8668
57	37	8698	0.42	8735
58	36	8702	0.41	8738
59	43	8570	0.50	8613
60	43	8542	0.50	8585
61	29	8574	0.34	8603
62	49	8618	0.57	8667
63	36	8556	0.42	8592
64	44	8506	0.51	8550
65	35	8406	0.41	8441
66	46	8268	0.55	8314
67	36	8457	0.42	8493
68	54	8413	0.64	8467
69	45	8457	0.53	8502
70	52	8504	0.61	8556
71	37	8547	0.43	8584
72	32	8381	0.38	8413
73	45	8382	0.53	8427
74	46	8542	0.54	8588
75	44	8435	0.52	8479
76	41	8735	0.47	8776
77	36	8692	0.41	8728
78	34	8733	0.39	8767
79	40	8885	0.45	8925
80	26	8762	0.30	8788
81	46	8578	0.53	8624
82	40	8505	0.47	8545
83	36	8546	0.42	8582
84	43	8613	0.50	8656
85	43	8825	0.48	8868
86	44	8981	0.49	9025
87	33	8838	0.37	8871
88	49	8829	0.55	8878
89	47	8621	0.54	8668
90	28	8505	0.33	8533
91	34	8252	0.41	8286
92	32	7623	0.42	7655
93	36	5392	0.66	5428

CpG context (R2)
================
position	count methylated	count unmethylated	% methylation	coverage
1	432	119	78.40	551
2	463	115	80.10	578
3	425	114	78.85	539
4	473	85	84.77	558
5	502	101	83.25	603
6	488	89	84.58	577
7	522	116	81.82	638
8	546	114	82.73	660
9	516	99	83.90	615
10	492	99	83.25	591
11	522	108	82.86	630
12	503	108	82.32	611
13	535	111	82.82	646
14	493	94	83.99	587
15	519	99	83.98	618
16	482	110	81.42	592
17	494	99	83.31	593
18	482	110	81.42	592
19	498	116	81.11	614
20	470	106	81.60	576
21	482	114	80.87	596
22	508	96	84.11	604
23	476	88	84.40	564
24	462	101	82.06	563
25	478	107	81.71	585
26	444	108	80.43	552
27	445	104	81.06	549
28	427	91	82.43	518
29	444	104	81.02	548
30	455	91	83.33	546
31	415	94	81.53	509
32	461	104	81.59	565
33	416	86	82.87	502
34	398	91	81.39	489
35	428	113	79.11	541
36	423	94	81.82	517
37	389	106	78.59	495
38	460	103	81.71	563
39	407	93	81.40	500
40	439	103	81.00	542
41	383	94	80.29	477
42	430	102	80.83	532
43	379	94	80.13	473
44	357	101	77.95	458
45	354	96	78.67	450
46	384	102	79.01	486
47	377	85	81.60	462
48	352	94	78.92	446
49	367	87	80.84	454
50	356	80	81.65	436
51	361	84	81.12	445
52	352	85	80.55	437
53	335	89	79.01	424
54	360	73	83.14	433
55	345	85	80.23	430
56	353	104	77.24	457
57	321	88	78.48	409
58	314	76	80.51	390
59	322	74	81.31	396
60	278	65	81.05	343
61	302	81	78.85	383
62	323	76	80.95	399
63	297	76	79.62	373
64	259	60	81.19	319
65	227	72	75.92	299
66	269	65	80.54	334
67	228	63	78.35	291
68	255	53	82.79	308
69	224	67	76.98	291
70	212	52	80.30	264
71	208	67	75.64	275
72	174	53	76.65	227
73	192	39	83.12	231
74	204	47	81.27	251
75	186	43	81.22	229
76	192	49	79.67	241
77	90	18	83.33	108

CHG context (R2)
================
position	count methylated	count unmethylated	% methylation	coverage
1	75	2627	2.78	2702
2	45	2576	1.72	2621
3	26	2596	0.99	2622
4	17	2545	0.66	2562
5	17	2558	0.66	2575
6	19	2619	0.72	2638
7	15	2583	0.58	2598
8	6	2586	0.23	2592
9	6	2571	0.23	2577
10	10	2565	0.39	2575
11	13	2481	0.52	2494
12	11	2526	0.43	2537
13	14	2541	0.55	2555
14	19	2565	0.74	2584
15	9	2552	0.35	2561
16	10	2455	0.41	2465
17	15	2462	0.61	2477
18	15	2522	0.59	2537
19	10	2393	0.42	2403
20	9	2439	0.37	2448
21	12	2347	0.51	2359
22	9	2458	0.36	2467
23	17	2526	0.67	2543
24	9	2566	0.35	2575
25	8	2479	0.32	2487
26	6	2413	0.25	2419
27	11	2482	0.44	2493
28	8	2353	0.34	2361
29	16	2377	0.67	2393
30	12	2396	0.50	2408
31	9	2410	0.37	2419
32	8	2355	0.34	2363
33	7	2407	0.29	2414
34	9	2310	0.39	2319
35	9	2236	0.40	2245
36	4	2472	0.16	2476
37	11	2354	0.47	2365
38	5	2203	0.23	2208
39	8	2319	0.34	2327
40	10	2250	0.44	2260
41	10	2307	0.43	2317
42	7	2264	0.31	2271
43	7	2223	0.31	2230
44	15	2232	0.67	2247
45	13	2209	0.59	2222
46	5	2134	0.23	2139
47	11	2179	0.50	2190
48	9	2100	0.43	2109
49	8	2111	0.38	2119
50	18	2121	0.84	2139
51	8	2012	0.40	2020
52	8	1914	0.42	1922
53	5	1954	0.26	1959
54	10	1874	0.53	1884
55	12	1914	0.62	1926
56	12	1881	0.63	1893
57	5	1890	0.26	1895
58	5	1889	0.26	1894
59	7	1829	0.38	1836
60	10	1753	0.57	1763
61	6	1685	0.35	1691
62	6	1687	0.35	1693
63	6	1563	0.38	1569
64	5	1644	0.30	1649
65	6	1598	0.37	1604
66	8	1492	0.53	1500
67	3	1442	0.21	1445
68	9	1355	0.66	1364
69	9	1361	0.66	1370
70	5	1239	0.40	1244
71	2	1201	0.17	1203
72	7	1207	0.58	1214
73	7	1078	0.65	1085
74	10	1073	0.92	1083
75	5	962	0.52	967
76	2	935	0.21	937
77	1	466	0.21	467

CHH context (R2)
================
position	count methylated	count unmethylated	% methylation	coverage
1	326	8677	3.62	9003
2	206	8617	2.33	8823
3	126	8654	1.44	8780
4	97	8601	1.12	8698
5	54	8663	0.62	8717
6	52	8553	0.60	8605
7	47	8609	0.54	8656
8	43	8663	0.49	8706
9	34	8539	0.40	8573
10	39	8653	0.45	8692
11	48	8627	0.55	8675
12	35	8382	0.42	8417
13	42	8314	0.50	8356
14	45	8239	0.54	8284
15	36	8348	0.43	8384
16	40	8277	0.48	8317
17	31	8362	0.37	8393
18	43	8342	0.51	8385
19	30	8405	0.36	8435
20	38	8401	0.45	8439
21	31	8135	0.38	8166
22	35	8180	0.43	8215
23	36	8170	0.44	8206
24	45	8158	0.55	8203
25	44	8117	0.54	8161
26	42	8261	0.51	8303
27	35	8190	0.43	8225
28	33	8302	0.40	8335
29	27	8089	0.33	8116
30	34	7991	0.42	8025
31	31	8081	0.38	8112
32	32	7972	0.40	8004
33	30	8055	0.37	8085
34	41	7890	0.52	7931
35	39	8080	0.48	8119
36	32	7923	0.40	7955
37	32	8053	0.40	8085
38	32	7980	0.40	8012
39	41	7942	0.51	7983
40	47	7999	0.58	8046
41	30	7988	0.37	8018
42	30	7812	0.38	7842
43	35	7755	0.45	7790
44	36	7630	0.47	7666
45	29	7477	0.39	7506
46	43	7347	0.58	7390
47	37	7485	0.49	7522
48	25	7344	0.34	7369
49	28	7335	0.38	7363
50	29	7185	0.40	7214
51	32	7033	0.45	7065
52	30	7037	0.42	7067
53	33	6912	0.48	6945
54	31	6766	0.46	6797
55	29	6747	0.43	6776
56	22	6436	0.34	6458
57	22	6378	0.34	6400
58	34	6107	0.55	6141
59	29	6045	0.48	6074
60	22	6037	0.36	6059
61	26	5836	0.44	5862
62	37	5592	0.66	5629
63	18	5598	0.32	5616
64	26	5415	0.48	5441
65	23	5241	0.44	5264
66	27	5087	0.53	5114
67	24	4902	0.49	4926
68	23	4641	0.49	4664
69	19	4485	0.42	4504
70	23	4346	0.53	4369
71	15	4229	0.35	4244
72	17	4108	0.41	4125
73	19	3923	0.48	3942
74	18	3656	0.49	3674
75	12	3574	0.33	3586
76	16	3382	0.47	3398
77	10	1616	0.62	1626

