CpG context (R1)
================
position	count methylated	count unmethylated	% methylation	coverage
1	446	87	83.68	533
2	384	100	79.34	484
3	386	98	79.75	484
4	421	87	82.87	508
5	434	128	77.22	562
6	466	96	82.92	562
7	416	124	77.04	540
8	463	97	82.68	560
9	447	111	80.11	558
10	448	105	81.01	553
11	513	99	83.82	612
12	508	116	81.41	624
13	525	98	84.27	623
14	449	110	80.32	559
15	453	112	80.18	565
16	477	114	80.71	591
17	445	84	84.12	529
18	461	103	81.74	564
19	485	112	81.24	597
20	476	104	82.07	580
21	510	116	81.47	626
22	474	124	79.26	598
23	431	93	82.25	524
24	434	109	79.93	543
25	465	115	80.17	580
26	476	98	82.93	574
27	516	118	81.39	634
28	473	111	80.99	584
29	495	116	81.01	611
30	494	125	79.81	619
31	506	141	78.21	647
32	454	105	81.22	559
33	443	119	78.83	562
34	454	94	82.85	548
35	456	127	78.22	583
36	454	112	80.21	566
37	440	113	79.57	553
38	439	104	80.85	543
39	451	95	82.60	546
40	422	93	81.94	515
41	409	107	79.26	516
42	475	101	82.47	576
43	416	105	79.85	521
44	452	115	79.72	567
45	456	132	77.55	588
46	476	93	83.66	569
47	438	108	80.22	546
48	432	99	81.36	531
49	469	126	78.82	595
50	438	110	79.93	548
51	499	106	82.48	605
52	489	117	80.69	606
53	465	109	81.01	574
54	416	117	78.05	533
55	442	99	81.70	541
56	425	121	77.84	546
57	427	120	78.06	547
58	442	104	80.95	546
59	494	103	82.75	597
60	463	103	81.80	566
61	419	111	79.06	530
62	422	111	79.17	533
63	428	111	79.41	539
64	408	122	76.98	530
65	441	118	78.89	559
66	452	104	81.29	556
67	398	113	77.89	511
68	449	119	79.05	568
69	386	126	75.39	512
70	432	107	80.15	539
71	443	114	79.53	557
72	420	97	81.24	517
73	420	118	78.07	538
74	448	106	80.87	554
75	452	114	79.86	566
76	446	118	79.08	564
77	419	111	79.06	530
78	448	113	79.86	561
79	411	140	74.59	551
80	479	126	79.17	605
81	450	130	77.59	580
82	416	126	76.75	542
83	475	110	81.20	585
84	463	112	80.52	575
85	433	113	79.30	546
86	483	130	78.79	613
87	455	132	77.51	587
88	420	122	77.49	542
89	453	105	81.18	558
90	482	99	82.96	581
91	393	110	78.13	503
92	375	116	76.37	491
93	277	78	78.03	355

CHG context (R1)
================
position	count methylated	count unmethylated	% methylation	coverage
1	10	2112	0.47	2122
2	3	2123	0.14	2126
3	5	2253	0.22	2258
4	2	2516	0.08	2518
5	3	2413	0.12	2416
6	3	2568	0.12	2571
7	9	2549	0.35	2558
8	7	2494	0.28	2501
9	8	2445	0.33	2453
10	5	2618	0.19	2623
11	4	2596	0.15	2600
12	6	2549	0.23	2555
13	11	2574	0.43	2585
14	10	2549	0.39	2559
15	9	2507	0.36	2516
16	3	2414	0.12	2417
17	2	2539	0.08	2541
18	9	2547	0.35	2556
19	5	2575	0.19	2580
20	5	2618	0.19	2623
21	3	2503	0.12	2506
22	7	2573	0.27	2580
23	9	2588	0.35	2597
24	2	2520	0.08	2522
25	5	2484	0.20	2489
26	6	2474	0.24	2480
27	6	2481	0.24	2487
28	4	2478	0.16	2482
29	5	2638	0.19	2643
30	3	2558	0.12	2561
31	4	2547	0.16	2551
32	4	2425	0.16	2429
33	5	2528	0.20	2533
34	6	2511	0.24	2517
35	7	2544	0.27	2551
36	6	2528	0.24	2534
37	3	2570	0.12	2573
38	7	2589	0.27	2596
39	6	2534	0.24	2540
40	11	2541	0.43	2552
41	4	2468	0.16	2472
42	4	2552	0.16	2556
43	5	2528	0.20	2533
44	8	2540	0.31	2548
45	6	2534	0.24	2540
46	3	2507	0.12	2510
47	8	2402	0.33	2410
48	10	2504	0.40	2514
49	3	2399	0.12	2402
50	5	2574	0.19	2579
51	7	2541	0.27	2548
52	7	2523	0.28	2530
53	4	2480	0.16	2484
54	5	2472	0.20	2477
55	1	2480	0.04	2481
56	12	2412	0.50	2424
57	4	2430	0.16	2434
58	7	2498	0.28	2505
59	7	2548	0.27	2555
60	6	2445	0.24	2451
61	2	2523	0.08	2525
62	4	2597	0.15	2601
63	3	2439	0.12	2442
64	10	2490	0.40	2500
65	12	2431	0.49	2443
66	4	2390	0.17	2394
67	8	2376	0.34	2384
68	7	2489	0.28	2496
69	4	2489	0.16	2493
70	4	2551	0.16	2555
71	7	2560	0.27	2567
72	11	2535	0.43	2546
73	5	2482	0.20	2487
74	8	2554	0.31	2562
75	6	2494	0.24	2500
76	5	2512	0.20	2517
77	12	2413	0.49	2425
78	8	2476	0.32	2484
79	12	2609	0.46	2621
80	8	2614	0.31	2622
81	3	2511	0.12	2514
82	6	2529	0.24	2535
83	15	2487	0.60	2502
84	6	2500	0.24	2506
85	6	2485	0.24	2491
86	7	2482	0.28	2489
87	7	2507	0.28	2514
88	4	2535	0.16	2539
89	9	2475	0.36	2484
90	9	2505	0.36	2514
91	10	2308	0.43	2318
92	11	2089	0.52	2100
93	15	1294	1.15	1309

CHH context (R1)
================
position	count methylated	count unmethylated	% methylation	coverage
1	23	7094	0.32	7117
2	12	7143	0.17	7155
3	12	7046	0.17	7058
4	11	7284	0.15	7295
5	18	7987	0.22	8005
6	18	8232	0.22	8250
7	17	8565	0.20	8582
8	22	8590	0.26	8612
9	19	8649	0.22	8668
10	26	8486	0.31	8512
11	22	8474	0.26	8496
12	18	8375	0.21	8393
13	12	8556	0.14	8568
14	17	8500	0.20	8517
15	21	8702	0.24	8723
16	16	8540	0.19	8556
17	25	8795	0.28	8820
18	21	8772	0.24	8793
19	19	8823	0.21	8842
20	13	8699	0.15	8712
21	16	8807	0.18	8823
22	17	8589	0.20	8606
23	20	8897	0.22	8917
24	16	9009	0.18	9025
25	18	8789	0.20	8807
26	11	8875	0.12	8886
27	8	8650	0.09	8658
28	18	8731	0.21	8749
29	13	8641	0.15	8654
30	10	8370	0.12	8380
31	21	8578	0.24	8599
32	18	8558	0.21	8576
33	17	8312	0.20	8329
34	12	8515	0.14	8527
35	15	8689	0.17	8704
36	9	8815	0.10	8824
37	18	8619	0.21	8637
38	17	8666	0.20	8683
39	14	8559	0.16	8573
40	22	8594	0.26	8616
41	19	8318	0.23	8337
42	23	8262	0.28	8285
43	19	8392	0.23	8411
44	14	8618	0.16	8632
45	21	8606	0.24	8627
46	23	8668	0.26	8691
47	15	8615	0.17	8630
48	18	8500	0.21	8518
49	24	8541	0.28	8565
50	21	8525	0.25	8546
51	25	8561	0.29	8586
52	22	8560	0.26	8582
53	14	8614	0.16	8628
54	19	8565	0.22	8584
55	19	8705	0.22	8724
56	15	8667	0.17	8682
57	18	8632	0.21	8650
58	23	8679	0.26	8702
59	22	8626	0.25	8648
60	19	8433	0.22	8452
61	28	8436	0.33	8464
62	20	8476	0.24	8496
63	22	8650	0.25	8672
64	27	8509	0.32	8536
65	19	8511	0.22	8530
66	22	8451	0.26	8473
67	15	8510	0.18	8525
68	26	8449	0.31	8475
69	23	8614	0.27	8637
70	23	8710	0.26	8733
71	25	8383	0.30	8408
72	26	8545	0.30	8571
73	29	8242	0.35	8271
74	22	8489	0.26	8511
75	34	8550	0.40	8584
76	28	8599	0.32	8627
77	26	8802	0.29	8828
78	24	8925	0.27	8949
79	20	8649	0.23	8669
80	32	8552	0.37	8584
81	23	8596	0.27	8619
82	24	8556	0.28	8580
83	26	8607	0.30	8633
84	22	8492	0.26	8514
85	23	8728	0.26	8751
86	38	8657	0.44	8695
87	33	8771	0.37	8804
88	35	8852	0.39	8887
89	33	8643	0.38	8676
90	34	8570	0.40	8604
91	35	8206	0.42	8241
92	40	7634	0.52	7674
93	42	5264	0.79	5306

CpG context (R2)
================
position	count methylated	count unmethylated	% methylation	coverage
1	471	111	80.93	582
2	447	122	78.56	569
3	491	94	83.93	585
4	470	115	80.34	585
5	467	106	81.50	573
6	444	122	78.45	566
7	490	107	82.08	597
8	503	98	83.69	601
9	472	115	80.41	587
10	491	118	80.62	609
11	498	118	80.84	616
12	466	93	83.36	559
13	453	115	79.75	568
14	438	96	82.02	534
15	456	95	82.76	551
16	431	115	78.94	546
17	462	101	82.06	563
18	453	118	79.33	571
19	439	105	80.70	544
20	417	107	79.58	524
21	425	107	79.89	532
22	431	111	79.52	542
23	422	117	78.29	539
24	430	96	81.75	526
25	456	113	80.14	569
26	398	107	78.81	505
27	410	78	84.02	488
28	424	116	78.52	540
29	421	109	79.43	530
30	443	114	79.53	557
31	386	108	78.14	494
32	389	96	80.21	485
33	373	89	80.74	462
34	393	100	79.72	493
35	379	97	79.62	476
36	403	97	80.60	500
37	379	98	79.45	477
38	336	86	79.62	422
39	346	93	78.82	439
40	332	92	78.30	424
41	362	95	79.21	457
42	358	87	80.45	445
43	367	82	81.74	449
44	327	78	80.74	405
45	331	104	76.09	435
46	326	94	77.62	420
47	336	84	80.00	420
48	348	78	81.69	426
49	287	72	79.94	359
50	307	73	80.79	380
51	298	106	73.76	404
52	321	69	82.31	390
53	299	69	81.25	368
54	267	75	78.07	342
55	298	71	80.76	369
56	270	74	78.49	344
57	285	61	82.37	346
58	293	65	81.84	358
59	240	68	77.92	308
60	278	69	80.12	347
61	245	62	79.80	307
62	243	55	81.54	298
63	222	54	80.43	276
64	203	71	74.09	274
65	179	68	72.47	247
66	186	59	75.92	245
67	212	53	80.00	265
68	198	57	77.65	255
69	209	49	81.01	258
70	157	43	78.50	200
71	159	48	76.81	207
72	156	44	78.00	200
73	158	47	77.07	205
74	146	38	79.35	184
75	109	35	75.69	144
76	126	37	77.30	163
77	73	15	82.95	88

CHG context (R2)
================
position	count methylated	count unmethylated	% methylation	coverage
1	98	2479	3.80	2577
2	67	2482	2.63	2549
3	17	2527	0.67	2544
4	11	2566	0.43	2577
5	10	2435	0.41	2445
6	7	2458	0.28	2465
7	6	2496	0.24	2502
8	6	2530	0.24	2536
9	8	2489	0.32	2497
10	4	2499	0.16	2503
11	4	2504	0.16	2508
12	4	2417	0.17	2421
13	4	2408	0.17	2412
14	3	2348	0.13	2351
15	7	2392	0.29	2399
16	7	2417	0.29	2424
17	5	2321	0.21	2326
18	2	2399	0.08	2401
19	6	2359	0.25	2365
20	4	2346	0.17	2350
21	6	2362	0.25	2368
22	7	2390	0.29	2397
23	3	2388	0.13	2391
24	8	2363	0.34	2371
25	4	2358	0.17	2362
26	3	2303	0.13	2306
27	3	2372	0.13	2375
28	6	2368	0.25	2374
29	9	2259	0.40	2268
30	4	2221	0.18	2225
31	2	2302	0.09	2304
32	2	2168	0.09	2170
33	3	2274	0.13	2277
34	4	2182	0.18	2186
35	7	2207	0.32	2214
36	4	2202	0.18	2206
37	1	2069	0.05	2070
38	3	2292	0.13	2295
39	2	2129	0.09	2131
40	7	2107	0.33	2114
41	5	2014	0.25	2019
42	4	2104	0.19	2108
43	0	2023	0.00	2023
44	3	2032	0.15	2035
45	8	1951	0.41	1959
46	7	1874	0.37	1881
47	1	1943	0.05	1944
48	5	2005	0.25	2010
49	2	1872	0.11	1874
50	3	1723	0.17	1726
51	7	1691	0.41	1698
52	3	1723	0.17	1726
53	5	1714	0.29	1719
54	1	1701	0.06	1702
55	3	1642	0.18	1645
56	6	1601	0.37	1607
57	2	1538	0.13	1540
58	3	1479	0.20	1482
59	2	1505	0.13	1507
60	5	1448	0.34	1453
61	6	1415	0.42	1421
62	2	1377	0.15	1379
63	3	1349	0.22	1352
64	6	1234	0.48	1240
65	4	1228	0.32	1232
66	2	1185	0.17	1187
67	3	1019	0.29	1022
68	0	1065	0.00	1065
69	0	1054	0.00	1054
70	7	930	0.75	937
71	1	942	0.11	943
72	1	889	0.11	890
73	2	785	0.25	787
74	7	794	0.87	801
75	1	767	0.13	768
76	3	684	0.44	687
77	2	357	0.56	359

CHH context (R2)
================
position	count methylated	count unmethylated	% methylation	coverage
1	408	8089	4.80	8497
2	247	8121	2.95	8368
3	146	8263	1.74	8409
4	91	8202	1.10	8293
5	48	8470	0.56	8518
6	25	8425	0.30	8450
7	26	8368	0.31	8394
8	22	8281	0.26	8303
9	26	8323	0.31	8349
10	35	8281	0.42	8316
11	15	8240	0.18	8255
12	14	8018	0.17	8032
13	18	8074	0.22	8092
14	16	8031	0.20	8047
15	18	8040	0.22	8058
16	12	7902	0.15	7914
17	16	7952	0.20	7968
18	12	7858	0.15	7870
19	15	8036	0.19	8051
20	16	8024	0.20	8040
21	18	7883	0.23	7901
22	10	7735	0.13	7745
23	19	7792	0.24	7811
24	10	7699	0.13	7709
25	12	7731	0.15	7743
26	22	7828	0.28	7850
27	8	7777	0.10	7785
28	25	7711	0.32	7736
29	22	7640	0.29	7662
30	13	7724	0.17	7737
31	18	7544	0.24	7562
32	14	7550	0.19	7564
33	18	7416	0.24	7434
34	13	7432	0.17	7445
35	14	7458	0.19	7472
36	22	7396	0.30	7418
37	22	7421	0.30	7443
38	9	7311	0.12	7320
39	19	7377	0.26	7396
40	21	7343	0.29	7364
41	10	7144	0.14	7154
42	14	7225	0.19	7239
43	11	7064	0.16	7075
44	12	6859	0.17	6871
45	18	6803	0.26	6821
46	21	6592	0.32	6613
47	19	6368	0.30	6387
48	12	6442	0.19	6454
49	18	6368	0.28	6386
50	10	6336	0.16	6346
51	11	6349	0.17	6360
52	16	6055	0.26	6071
53	10	5889	0.17	5899
54	12	5713	0.21	5725
55	9	5716	0.16	5725
56	14	5505	0.25	5519
57	17	5342	0.32	5359
58	7	5180	0.13	5187
59	13	5096	0.25	5109
60	13	4848	0.27	4861
61	10	4690	0.21	4700
62	12	4599	0.26	4611
63	11	4532	0.24	4543
64	12	4396	0.27	4408
65	11	4252	0.26	4263
66	7	4084	0.17	4091
67	16	3756	0.42	3772
68	4	3702	0.11	3706
69	8	3546	0.23	3554
70	6	3258	0.18	3264
71	6	3164	0.19	3170
72	7	2980	0.23	2987
73	7	2882	0.24	2889
74	7	2717	0.26	2724
75	11	2644	0.41	2655
76	6	2405	0.25	2411
77	2	1123	0.18	1125

