CpG context (R1)
================
position	count methylated	count unmethylated	% methylation	coverage
1	423	95	81.66	518
2	441	92	82.74	533
3	459	107	81.10	566
4	457	101	81.90	558
5	509	104	83.03	613
6	499	100	83.31	599
7	437	88	83.24	525
8	430	108	79.93	538
9	471	101	82.34	572
10	458	84	84.50	542
11	502	120	80.71	622
12	527	89	85.55	616
13	489	104	82.46	593
14	477	93	83.68	570
15	495	113	81.41	608
16	454	113	80.07	567
17	474	109	81.30	583
18	466	81	85.19	547
19	449	101	81.64	550
20	514	98	83.99	612
21	505	101	83.33	606
22	437	104	80.78	541
23	468	94	83.27	562
24	464	114	80.28	578
25	448	92	82.96	540
26	472	115	80.41	587
27	451	88	83.67	539
28	476	98	82.93	574
29	500	101	83.19	601
30	478	114	80.74	592
31	468	96	82.98	564
32	414	92	81.82	506
33	446	95	82.44	541
34	492	91	84.39	583
35	463	87	84.18	550
36	449	102	81.49	551
37	452	92	83.09	544
38	443	97	82.04	540
39	440	90	83.02	530
40	458	111	80.49	569
41	422	109	79.47	531
42	451	91	83.21	542
43	481	98	83.07	579
44	439	90	82.99	529
45	428	109	79.70	537
46	449	95	82.54	544
47	442	101	81.40	543
48	437	94	82.30	531
49	423	128	76.77	551
50	421	99	80.96	520
51	462	101	82.06	563
52	470	103	82.02	573
53	440	99	81.63	539
54	449	119	79.05	568
55	442	107	80.51	549
56	471	101	82.34	572
57	462	91	83.54	553
58	455	98	82.28	553
59	425	103	80.49	528
60	444	97	82.07	541
61	454	95	82.70	549
62	449	91	83.15	540
63	448	98	82.05	546
64	418	117	78.13	535
65	451	122	78.71	573
66	432	120	78.26	552
67	444	90	83.15	534
68	418	109	79.32	527
69	448	85	84.05	533
70	434	96	81.89	530
71	457	104	81.46	561
72	434	110	79.78	544
73	461	101	82.03	562
74	444	122	78.45	566
75	434	101	81.12	535
76	455	96	82.58	551
77	453	93	82.97	546
78	410	104	79.77	514
79	432	91	82.60	523
80	432	101	81.05	533
81	459	100	82.11	559
82	441	113	79.60	554
83	449	83	84.40	532
84	417	89	82.41	506
85	448	103	81.31	551
86	421	109	79.43	530
87	439	95	82.21	534
88	441	96	82.12	537
89	433	91	82.63	524
90	466	97	82.77	563
91	403	110	78.56	513
92	401	95	80.85	496
93	274	82	76.97	356

CHG context (R1)
================
position	count methylated	count unmethylated	% methylation	coverage
1	9	2202	0.41	2211
2	4	2300	0.17	2304
3	8	2306	0.35	2314
4	3	2383	0.13	2386
5	6	2474	0.24	2480
6	4	2427	0.16	2431
7	4	2461	0.16	2465
8	3	2510	0.12	2513
9	5	2390	0.21	2395
10	4	2545	0.16	2549
11	4	2485	0.16	2489
12	5	2461	0.20	2466
13	5	2603	0.19	2608
14	3	2532	0.12	2535
15	3	2396	0.13	2399
16	8	2395	0.33	2403
17	5	2423	0.21	2428
18	2	2438	0.08	2440
19	6	2459	0.24	2465
20	7	2494	0.28	2501
21	8	2486	0.32	2494
22	6	2471	0.24	2477
23	4	2442	0.16	2446
24	2	2452	0.08	2454
25	5	2396	0.21	2401
26	7	2448	0.29	2455
27	2	2532	0.08	2534
28	7	2476	0.28	2483
29	7	2506	0.28	2513
30	7	2449	0.29	2456
31	13	2472	0.52	2485
32	7	2511	0.28	2518
33	8	2362	0.34	2370
34	6	2462	0.24	2468
35	8	2479	0.32	2487
36	8	2479	0.32	2487
37	5	2479	0.20	2484
38	4	2483	0.16	2487
39	9	2476	0.36	2485
40	5	2480	0.20	2485
41	6	2447	0.24	2453
42	4	2441	0.16	2445
43	3	2440	0.12	2443
44	5	2425	0.21	2430
45	1	2519	0.04	2520
46	12	2497	0.48	2509
47	7	2497	0.28	2504
48	2	2488	0.08	2490
49	7	2476	0.28	2483
50	4	2482	0.16	2486
51	8	2425	0.33	2433
52	7	2606	0.27	2613
53	9	2358	0.38	2367
54	5	2389	0.21	2394
55	3	2395	0.13	2398
56	1	2389	0.04	2390
57	7	2514	0.28	2521
58	6	2419	0.25	2425
59	8	2442	0.33	2450
60	5	2468	0.20	2473
61	2	2378	0.08	2380
62	4	2404	0.17	2408
63	8	2532	0.31	2540
64	7	2489	0.28	2496
65	4	2474	0.16	2478
66	7	2452	0.28	2459
67	6	2396	0.25	2402
68	8	2441	0.33	2449
69	2	2502	0.08	2504
70	4	2439	0.16	2443
71	6	2464	0.24	2470
72	6	2399	0.25	2405
73	5	2380	0.21	2385
74	7	2471	0.28	2478
75	4	2468	0.16	2472
76	12	2443	0.49	2455
77	6	2365	0.25	2371
78	9	2489	0.36	2498
79	10	2584	0.39	2594
80	9	2406	0.37	2415
81	8	2456	0.32	2464
82	6	2500	0.24	2506
83	8	2342	0.34	2350
84	5	2417	0.21	2422
85	7	2495	0.28	2502
86	12	2503	0.48	2515
87	10	2486	0.40	2496
88	11	2414	0.45	2425
89	8	2382	0.33	2390
90	8	2375	0.34	2383
91	11	2273	0.48	2284
92	11	2076	0.53	2087
93	6	1322	0.45	1328

CHH context (R1)
================
position	count methylated	count unmethylated	% methylation	coverage
1	15	7132	0.21	7147
2	20	7304	0.27	7324
3	11	7054	0.16	7065
4	15	7259	0.21	7274
5	15	7635	0.20	7650
6	12	8050	0.15	8062
7	14	8340	0.17	8354
8	11	8302	0.13	8313
9	14	8412	0.17	8426
10	14	8410	0.17	8424
11	15	8204	0.18	8219
12	9	8348	0.11	8357
13	11	8381	0.13	8392
14	20	8390	0.24	8410
15	32	8117	0.39	8149
16	16	8262	0.19	8278
17	19	8470	0.22	8489
18	14	8410	0.17	8424
19	16	8592	0.19	8608
20	12	8425	0.14	8437
21	15	8491	0.18	8506
22	14	8451	0.17	8465
23	18	8476	0.21	8494
24	18	8644	0.21	8662
25	21	8603	0.24	8624
26	13	8686	0.15	8699
27	10	8534	0.12	8544
28	20	8538	0.23	8558
29	18	8439	0.21	8457
30	15	8420	0.18	8435
31	20	8273	0.24	8293
32	7	8056	0.09	8063
33	14	8314	0.17	8328
34	16	8282	0.19	8298
35	16	8519	0.19	8535
36	18	8593	0.21	8611
37	19	8448	0.22	8467
38	12	8520	0.14	8532
39	16	8184	0.20	8200
40	16	8272	0.19	8288
41	13	8003	0.16	8016
42	13	8265	0.16	8278
43	13	8101	0.16	8114
44	23	8273	0.28	8296
45	26	8466	0.31	8492
46	18	8328	0.22	8346
47	20	8448	0.24	8468
48	17	8263	0.21	8280
49	25	8381	0.30	8406
50	15	8228	0.18	8243
51	15	8328	0.18	8343
52	15	8331	0.18	8346
53	21	8362	0.25	8383
54	18	8075	0.22	8093
55	16	8473	0.19	8489
56	24	8384	0.29	8408
57	18	8340	0.22	8358
58	20	8371	0.24	8391
59	19	8353	0.23	8372
60	19	8220	0.23	8239
61	23	8373	0.27	8396
62	21	8455	0.25	8476
63	17	8414	0.20	8431
64	18	8383	0.21	8401
65	16	8419	0.19	8435
66	19	8301	0.23	8320
67	18	8469	0.21	8487
68	15	8251	0.18	8266
69	19	8401	0.23	8420
70	20	8358	0.24	8378
71	23	8212	0.28	8235
72	21	8315	0.25	8336
73	16	8249	0.19	8265
74	16	8390	0.19	8406
75	14	8312	0.17	8326
76	21	8454	0.25	8475
77	17	8406	0.20	8423
78	26	8361	0.31	8387
79	19	8604	0.22	8623
80	28	8467	0.33	8495
81	27	8561	0.31	8588
82	34	8395	0.40	8429
83	22	8455	0.26	8477
84	29	8279	0.35	8308
85	19	8438	0.22	8457
86	24	8301	0.29	8325
87	27	8287	0.32	8314
88	38	8438	0.45	8476
89	32	8271	0.39	8303
90	34	8197	0.41	8231
91	37	8075	0.46	8112
92	37	7362	0.50	7399
93	46	5088	0.90	5134

CpG context (R2)
================
position	count methylated	count unmethylated	% methylation	coverage
1	497	117	80.94	614
2	428	93	82.15	521
3	485	106	82.06	591
4	466	118	79.79	584
5	505	84	85.74	589
6	477	121	79.77	598
7	511	111	82.15	622
8	485	107	81.93	592
9	477	114	80.71	591
10	514	101	83.58	615
11	462	121	79.25	583
12	469	92	83.60	561
13	463	108	81.09	571
14	484	98	83.16	582
15	438	93	82.49	531
16	450	98	82.12	548
17	431	95	81.94	526
18	436	103	80.89	539
19	485	115	80.83	600
20	468	88	84.17	556
21	425	100	80.95	525
22	445	106	80.76	551
23	429	112	79.30	541
24	442	93	82.62	535
25	419	89	82.48	508
26	437	83	84.04	520
27	439	72	85.91	511
28	395	91	81.28	486
29	416	85	83.03	501
30	448	87	83.74	535
31	419	98	81.04	517
32	430	101	80.98	531
33	409	97	80.83	506
34	382	93	80.42	475
35	414	87	82.63	501
36	363	88	80.49	451
37	417	74	84.93	491
38	340	92	78.70	432
39	419	96	81.36	515
40	336	89	79.06	425
41	354	68	83.89	422
42	373	88	80.91	461
43	369	90	80.39	459
44	349	94	78.78	443
45	351	94	78.88	445
46	391	81	82.84	472
47	336	72	82.35	408
48	315	87	78.36	402
49	318	86	78.71	404
50	336	80	80.77	416
51	362	77	82.46	439
52	337	68	83.21	405
53	280	69	80.23	349
54	320	113	73.90	433
55	313	104	75.06	417
56	276	61	81.90	337
57	298	82	78.42	380
58	278	75	78.75	353
59	282	80	77.90	362
60	270	74	78.49	344
61	271	65	80.65	336
62	261	60	81.31	321
63	244	57	81.06	301
64	224	62	78.32	286
65	234	55	80.97	289
66	218	64	77.30	282
67	210	48	81.40	258
68	213	59	78.31	272
69	169	55	75.45	224
70	182	39	82.35	221
71	202	67	75.09	269
72	174	50	77.68	224
73	153	52	74.63	205
74	176	51	77.53	227
75	170	47	78.34	217
76	154	49	75.86	203
77	79	13	85.87	92

CHG context (R2)
================
position	count methylated	count unmethylated	% methylation	coverage
1	89	2498	3.44	2587
2	60	2431	2.41	2491
3	19	2390	0.79	2409
4	23	2428	0.94	2451
5	8	2388	0.33	2396
6	3	2456	0.12	2459
7	7	2504	0.28	2511
8	5	2448	0.20	2453
9	3	2356	0.13	2359
10	5	2403	0.21	2408
11	5	2401	0.21	2406
12	2	2403	0.08	2405
13	5	2438	0.20	2443
14	5	2381	0.21	2386
15	4	2400	0.17	2404
16	5	2394	0.21	2399
17	5	2316	0.22	2321
18	8	2357	0.34	2365
19	5	2337	0.21	2342
20	2	2314	0.09	2316
21	4	2260	0.18	2264
22	6	2341	0.26	2347
23	8	2382	0.33	2390
24	3	2250	0.13	2253
25	7	2283	0.31	2290
26	3	2346	0.13	2349
27	1	2298	0.04	2299
28	4	2281	0.18	2285
29	4	2318	0.17	2322
30	9	2205	0.41	2214
31	3	2206	0.14	2209
32	3	2152	0.14	2155
33	1	2170	0.05	2171
34	3	2111	0.14	2114
35	7	2195	0.32	2202
36	6	2119	0.28	2125
37	3	2137	0.14	2140
38	7	2163	0.32	2170
39	5	2078	0.24	2083
40	0	2035	0.00	2035
41	4	1968	0.20	1972
42	2	2098	0.10	2100
43	4	2044	0.20	2048
44	5	2005	0.25	2010
45	3	1903	0.16	1906
46	4	1905	0.21	1909
47	4	2011	0.20	2015
48	7	1832	0.38	1839
49	5	1829	0.27	1834
50	4	1795	0.22	1799
51	2	1767	0.11	1769
52	6	1739	0.34	1745
53	4	1673	0.24	1677
54	6	1618	0.37	1624
55	2	1618	0.12	1620
56	3	1678	0.18	1681
57	4	1581	0.25	1585
58	6	1539	0.39	1545
59	5	1515	0.33	1520
60	2	1454	0.14	1456
61	5	1463	0.34	1468
62	2	1429	0.14	1431
63	7	1428	0.49	1435
64	4	1362	0.29	1366
65	3	1224	0.24	1227
66	3	1152	0.26	1155
67	0	1183	0.00	1183
68	4	1159	0.34	1163
69	0	1115	0.00	1115
70	0	1095	0.00	1095
71	1	1015	0.10	1016
72	0	979	0.00	979
73	0	950	0.00	950
74	2	908	0.22	910
75	3	830	0.36	833
76	1	837	0.12	838
77	0	431	0.00	431

CHH context (R2)
================
position	count methylated	count unmethylated	% methylation	coverage
1	356	8155	4.18	8511
2	232	8315	2.71	8547
3	115	8205	1.38	8320
4	84	8298	1.00	8382
5	52	8106	0.64	8158
6	37	8274	0.45	8311
7	19	8210	0.23	8229
8	23	8278	0.28	8301
9	16	8262	0.19	8278
10	12	8048	0.15	8060
11	11	8065	0.14	8076
12	12	7890	0.15	7902
13	17	7868	0.22	7885
14	19	7841	0.24	7860
15	17	7766	0.22	7783
16	18	7872	0.23	7890
17	13	7795	0.17	7808
18	12	7853	0.15	7865
19	14	7708	0.18	7722
20	15	7762	0.19	7777
21	11	7587	0.14	7598
22	9	7730	0.12	7739
23	19	7453	0.25	7472
24	15	7638	0.20	7653
25	11	7569	0.15	7580
26	15	7592	0.20	7607
27	11	7439	0.15	7450
28	15	7535	0.20	7550
29	13	7471	0.17	7484
30	13	7516	0.17	7529
31	9	7474	0.12	7483
32	13	7374	0.18	7387
33	20	7316	0.27	7336
34	16	7224	0.22	7240
35	18	7167	0.25	7185
36	17	7242	0.23	7259
37	18	7136	0.25	7154
38	9	7115	0.13	7124
39	8	7129	0.11	7137
40	13	7103	0.18	7116
41	19	6930	0.27	6949
42	13	6864	0.19	6877
43	14	6757	0.21	6771
44	12	6748	0.18	6760
45	17	6638	0.26	6655
46	14	6456	0.22	6470
47	10	6573	0.15	6583
48	12	6360	0.19	6372
49	5	6342	0.08	6347
50	13	6175	0.21	6188
51	10	6059	0.16	6069
52	10	5924	0.17	5934
53	12	5939	0.20	5951
54	15	5794	0.26	5809
55	9	5555	0.16	5564
56	10	5471	0.18	5481
57	10	5438	0.18	5448
58	11	5319	0.21	5330
59	12	5158	0.23	5170
60	9	5084	0.18	5093
61	5	4953	0.10	4958
62	15	4796	0.31	4811
63	6	4662	0.13	4668
64	13	4569	0.28	4582
65	8	4404	0.18	4412
66	7	4290	0.16	4297
67	8	4208	0.19	4216
68	9	3952	0.23	3961
69	8	3789	0.21	3797
70	7	3682	0.19	3689
71	5	3498	0.14	3503
72	11	3256	0.34	3267
73	5	3253	0.15	3258
74	7	3049	0.23	3056
75	7	2972	0.23	2979
76	9	2785	0.32	2794
77	2	1370	0.15	1372

