CpG context (R1)
================
position	count methylated	count unmethylated	% methylation	coverage
1	402	106	79.13	508
2	387	94	80.46	481
3	383	99	79.46	482
4	457	94	82.94	551
5	467	94	83.24	561
6	488	116	80.79	604
7	460	113	80.28	573
8	473	95	83.27	568
9	434	92	82.51	526
10	433	116	78.87	549
11	450	99	81.97	549
12	440	85	83.81	525
13	449	108	80.61	557
14	459	114	80.10	573
15	418	94	81.64	512
16	505	122	80.54	627
17	486	101	82.79	587
18	446	103	81.24	549
19	484	119	80.27	603
20	429	108	79.89	537
21	431	94	82.10	525
22	481	101	82.65	582
23	466	105	81.61	571
24	429	92	82.34	521
25	443	89	83.27	532
26	434	98	81.58	532
27	448	99	81.90	547
28	459	108	80.95	567
29	461	90	83.67	551
30	471	105	81.77	576
31	448	115	79.57	563
32	397	102	79.56	499
33	407	98	80.59	505
34	434	106	80.37	540
35	465	99	82.45	564
36	441	98	81.82	539
37	423	104	80.27	527
38	455	94	82.88	549
39	427	107	79.96	534
40	426	97	81.45	523
41	440	94	82.40	534
42	428	116	78.68	544
43	453	112	80.18	565
44	437	111	79.74	548
45	432	126	77.42	558
46	422	103	80.38	525
47	418	102	80.38	520
48	456	99	82.16	555
49	436	102	81.04	538
50	432	121	78.12	553
51	500	113	81.57	613
52	410	102	80.08	512
53	393	109	78.29	502
54	413	115	78.22	528
55	426	105	80.23	531
56	442	109	80.22	551
57	397	110	78.30	507
58	445	125	78.07	570
59	411	106	79.50	517
60	473	102	82.26	575
61	416	94	81.57	510
62	426	96	81.61	522
63	412	115	78.18	527
64	403	100	80.12	503
65	435	100	81.31	535
66	472	111	80.96	583
67	422	114	78.73	536
68	417	92	81.93	509
69	414	111	78.86	525
70	401	118	77.26	519
71	439	140	75.82	579
72	416	112	78.79	528
73	442	102	81.25	544
74	427	118	78.35	545
75	420	110	79.25	530
76	440	115	79.28	555
77	472	108	81.38	580
78	422	123	77.43	545
79	431	116	78.79	547
80	459	108	80.95	567
81	455	108	80.82	563
82	430	101	80.98	531
83	428	112	79.26	540
84	421	118	78.11	539
85	412	140	74.64	552
86	435	92	82.54	527
87	413	107	79.42	520
88	476	115	80.54	591
89	432	113	79.27	545
90	421	117	78.25	538
91	404	111	78.45	515
92	390	80	82.98	470
93	256	76	77.11	332

CHG context (R1)
================
position	count methylated	count unmethylated	% methylation	coverage
1	6	1994	0.30	2000
2	4	2019	0.20	2023
3	3	2208	0.14	2211
4	6	2340	0.26	2346
5	6	2437	0.25	2443
6	6	2534	0.24	2540
7	8	2471	0.32	2479
8	7	2378	0.29	2385
9	6	2430	0.25	2436
10	3	2546	0.12	2549
11	10	2537	0.39	2547
12	7	2451	0.28	2458
13	5	2533	0.20	2538
14	7	2502	0.28	2509
15	6	2508	0.24	2514
16	5	2430	0.21	2435
17	7	2446	0.29	2453
18	5	2441	0.20	2446
19	6	2500	0.24	2506
20	8	2468	0.32	2476
21	7	2474	0.28	2481
22	7	2580	0.27	2587
23	5	2474	0.20	2479
24	8	2414	0.33	2422
25	5	2378	0.21	2383
26	7	2489	0.28	2496
27	8	2533	0.31	2541
28	6	2490	0.24	2496
29	5	2538	0.20	2543
30	4	2599	0.15	2603
31	5	2431	0.21	2436
32	2	2353	0.08	2355
33	6	2439	0.25	2445
34	4	2572	0.16	2576
35	8	2373	0.34	2381
36	1	2494	0.04	2495
37	4	2485	0.16	2489
38	5	2512	0.20	2517
39	5	2522	0.20	2527
40	8	2509	0.32	2517
41	3	2485	0.12	2488
42	14	2366	0.59	2380
43	4	2488	0.16	2492
44	10	2464	0.40	2474
45	14	2511	0.55	2525
46	7	2444	0.29	2451
47	7	2584	0.27	2591
48	3	2403	0.12	2406
49	7	2421	0.29	2428
50	9	2469	0.36	2478
51	7	2446	0.29	2453
52	5	2442	0.20	2447
53	7	2406	0.29	2413
54	8	2422	0.33	2430
55	5	2408	0.21	2413
56	8	2401	0.33	2409
57	6	2357	0.25	2363
58	7	2479	0.28	2486
59	5	2412	0.21	2417
60	8	2419	0.33	2427
61	4	2423	0.16	2427
62	8	2568	0.31	2576
63	5	2508	0.20	2513
64	3	2361	0.13	2364
65	9	2375	0.38	2384
66	4	2451	0.16	2455
67	8	2460	0.32	2468
68	2	2425	0.08	2427
69	6	2446	0.24	2452
70	3	2499	0.12	2502
71	6	2405	0.25	2411
72	4	2495	0.16	2499
73	13	2400	0.54	2413
74	10	2383	0.42	2393
75	16	2508	0.63	2524
76	9	2413	0.37	2422
77	4	2462	0.16	2466
78	8	2499	0.32	2507
79	6	2562	0.23	2568
80	6	2566	0.23	2572
81	7	2505	0.28	2512
82	9	2436	0.37	2445
83	7	2477	0.28	2484
84	7	2457	0.28	2464
85	6	2338	0.26	2344
86	4	2464	0.16	2468
87	12	2541	0.47	2553
88	6	2507	0.24	2513
89	10	2476	0.40	2486
90	13	2526	0.51	2539
91	10	2282	0.44	2292
92	10	2112	0.47	2122
93	7	1283	0.54	1290

CHH context (R1)
================
position	count methylated	count unmethylated	% methylation	coverage
1	21	6959	0.30	6980
2	19	7209	0.26	7228
3	20	7076	0.28	7096
4	15	7035	0.21	7050
5	15	7719	0.19	7734
6	18	8030	0.22	8048
7	18	8307	0.22	8325
8	21	8251	0.25	8272
9	23	8368	0.27	8391
10	21	8379	0.25	8400
11	20	8310	0.24	8330
12	23	8345	0.27	8368
13	20	8455	0.24	8475
14	28	8505	0.33	8533
15	24	8549	0.28	8573
16	22	8272	0.27	8294
17	29	8475	0.34	8504
18	14	8456	0.17	8470
19	21	8560	0.24	8581
20	17	8608	0.20	8625
21	16	8549	0.19	8565
22	27	8410	0.32	8437
23	22	8669	0.25	8691
24	24	8858	0.27	8882
25	20	8858	0.23	8878
26	15	8725	0.17	8740
27	24	8803	0.27	8827
28	18	8650	0.21	8668
29	20	8394	0.24	8414
30	13	8519	0.15	8532
31	22	8425	0.26	8447
32	16	8371	0.19	8387
33	26	8604	0.30	8630
34	29	8433	0.34	8462
35	20	8577	0.23	8597
36	21	8579	0.24	8600
37	14	8561	0.16	8575
38	17	8371	0.20	8388
39	22	8445	0.26	8467
40	21	8044	0.26	8065
41	18	8057	0.22	8075
42	15	8031	0.19	8046
43	19	8220	0.23	8239
44	27	8451	0.32	8478
45	20	8362	0.24	8382
46	21	8498	0.25	8519
47	16	8414	0.19	8430
48	20	8401	0.24	8421
49	17	8251	0.21	8268
50	16	8436	0.19	8452
51	18	8304	0.22	8322
52	14	8456	0.17	8470
53	23	8550	0.27	8573
54	21	8552	0.24	8573
55	22	8733	0.25	8755
56	22	8506	0.26	8528
57	19	8488	0.22	8507
58	13	8403	0.15	8416
59	21	8537	0.25	8558
60	20	8297	0.24	8317
61	20	8222	0.24	8242
62	23	8195	0.28	8218
63	20	8243	0.24	8263
64	28	8376	0.33	8404
65	28	8332	0.33	8360
66	22	8396	0.26	8418
67	27	8463	0.32	8490
68	24	8285	0.29	8309
69	24	8567	0.28	8591
70	24	8348	0.29	8372
71	31	8331	0.37	8362
72	25	8340	0.30	8365
73	12	8085	0.15	8097
74	29	8398	0.34	8427
75	25	8485	0.29	8510
76	20	8447	0.24	8467
77	35	8358	0.42	8393
78	23	8525	0.27	8548
79	31	8499	0.36	8530
80	28	8535	0.33	8563
81	27	8336	0.32	8363
82	28	8327	0.34	8355
83	29	8253	0.35	8282
84	24	8396	0.29	8420
85	30	8482	0.35	8512
86	29	8667	0.33	8696
87	31	8683	0.36	8714
88	36	8498	0.42	8534
89	25	8330	0.30	8355
90	36	8312	0.43	8348
91	31	8037	0.38	8068
92	35	7402	0.47	7437
93	24	5157	0.46	5181

CpG context (R2)
================
position	count methylated	count unmethylated	% methylation	coverage
1	464	106	81.40	570
2	490	113	81.26	603
3	503	111	81.92	614
4	429	103	80.64	532
5	492	106	82.27	598
6	479	128	78.91	607
7	460	101	82.00	561
8	515	106	82.93	621
9	523	106	83.15	629
10	469	123	79.22	592
11	475	93	83.63	568
12	487	105	82.26	592
13	425	94	81.89	519
14	494	105	82.47	599
15	442	91	82.93	533
16	450	110	80.36	560
17	450	113	79.93	563
18	434	109	79.93	543
19	461	121	79.21	582
20	459	87	84.07	546
21	425	96	81.57	521
22	414	113	78.56	527
23	456	100	82.01	556
24	447	100	81.72	547
25	402	84	82.72	486
26	422	81	83.90	503
27	402	73	84.63	475
28	421	85	83.20	506
29	467	95	83.10	562
30	432	102	80.90	534
31	430	115	78.90	545
32	354	105	77.12	459
33	401	89	81.84	490
34	430	93	82.22	523
35	413	119	77.63	532
36	393	84	82.39	477
37	406	103	79.76	509
38	351	96	78.52	447
39	367	94	79.61	461
40	349	100	77.73	449
41	403	101	79.96	504
42	383	95	80.13	478
43	347	97	78.15	444
44	343	77	81.67	420
45	353	80	81.52	433
46	350	77	81.97	427
47	315	105	75.00	420
48	328	68	82.83	396
49	328	81	80.20	409
50	331	79	80.73	410
51	311	78	79.95	389
52	325	83	79.66	408
53	290	83	77.75	373
54	300	90	76.92	390
55	293	67	81.39	360
56	292	62	82.49	354
57	279	79	77.93	358
58	262	75	77.74	337
59	276	83	76.88	359
60	272	77	77.94	349
61	247	58	80.98	305
62	299	67	81.69	366
63	239	60	79.93	299
64	220	66	76.92	286
65	242	56	81.21	298
66	184	61	75.10	245
67	215	54	79.93	269
68	197	43	82.08	240
69	169	41	80.48	210
70	163	45	78.37	208
71	181	42	81.17	223
72	170	37	82.13	207
73	159	42	79.10	201
74	145	45	76.32	190
75	159	40	79.90	199
76	130	37	77.84	167
77	76	17	81.72	93

CHG context (R2)
================
position	count methylated	count unmethylated	% methylation	coverage
1	126	2403	4.98	2529
2	83	2538	3.17	2621
3	36	2405	1.47	2441
4	10	2403	0.41	2413
5	14	2412	0.58	2426
6	7	2371	0.29	2378
7	7	2441	0.29	2448
8	8	2490	0.32	2498
9	5	2413	0.21	2418
10	1	2452	0.04	2453
11	10	2425	0.41	2435
12	3	2475	0.12	2478
13	6	2322	0.26	2328
14	6	2331	0.26	2337
15	9	2382	0.38	2391
16	3	2329	0.13	2332
17	6	2290	0.26	2296
18	8	2247	0.35	2255
19	4	2311	0.17	2315
20	4	2380	0.17	2384
21	5	2331	0.21	2336
22	7	2350	0.30	2357
23	8	2314	0.34	2322
24	9	2466	0.36	2475
25	6	2428	0.25	2434
26	7	2354	0.30	2361
27	6	2232	0.27	2238
28	9	2274	0.39	2283
29	4	2333	0.17	2337
30	5	2294	0.22	2299
31	2	2326	0.09	2328
32	6	2262	0.26	2268
33	6	2196	0.27	2202
34	3	2240	0.13	2243
35	8	2190	0.36	2198
36	10	2177	0.46	2187
37	4	2182	0.18	2186
38	1	2189	0.05	2190
39	4	2055	0.19	2059
40	7	2100	0.33	2107
41	7	2071	0.34	2078
42	6	2020	0.30	2026
43	7	2063	0.34	2070
44	4	2018	0.20	2022
45	8	1974	0.40	1982
46	6	2027	0.30	2033
47	7	1943	0.36	1950
48	5	1884	0.26	1889
49	0	1985	0.00	1985
50	4	1886	0.21	1890
51	3	1896	0.16	1899
52	3	1841	0.16	1844
53	3	1699	0.18	1702
54	3	1720	0.17	1723
55	7	1781	0.39	1788
56	6	1569	0.38	1575
57	5	1711	0.29	1716
58	2	1671	0.12	1673
59	2	1556	0.13	1558
60	1	1521	0.07	1522
61	5	1524	0.33	1529
62	7	1457	0.48	1464
63	4	1386	0.29	1390
64	4	1337	0.30	1341
65	3	1332	0.22	1335
66	3	1297	0.23	1300
67	4	1242	0.32	1246
68	2	1143	0.17	1145
69	2	1140	0.18	1142
70	4	1034	0.39	1038
71	3	1039	0.29	1042
72	5	981	0.51	986
73	2	921	0.22	923
74	1	887	0.11	888
75	1	863	0.12	864
76	3	784	0.38	787
77	0	371	0.00	371

CHH context (R2)
================
position	count methylated	count unmethylated	% methylation	coverage
1	511	8047	5.97	8558
2	324	8077	3.86	8401
3	214	8062	2.59	8276
4	117	8177	1.41	8294
5	72	8084	0.88	8156
6	42	8180	0.51	8222
7	34	8288	0.41	8322
8	22	8337	0.26	8359
9	25	8288	0.30	8313
10	15	8063	0.19	8078
11	20	8021	0.25	8041
12	27	7880	0.34	7907
13	16	8042	0.20	8058
14	11	7988	0.14	7999
15	23	7985	0.29	8008
16	11	7868	0.14	7879
17	18	8026	0.22	8044
18	17	7892	0.21	7909
19	14	7899	0.18	7913
20	22	7895	0.28	7917
21	21	7847	0.27	7868
22	13	7717	0.17	7730
23	18	7611	0.24	7629
24	11	7695	0.14	7706
25	19	7683	0.25	7702
26	17	7736	0.22	7753
27	16	7654	0.21	7670
28	19	7604	0.25	7623
29	23	7667	0.30	7690
30	21	7596	0.28	7617
31	17	7555	0.22	7572
32	14	7486	0.19	7500
33	16	7461	0.21	7477
34	21	7570	0.28	7591
35	18	7430	0.24	7448
36	11	7406	0.15	7417
37	18	7415	0.24	7433
38	12	7430	0.16	7442
39	20	7453	0.27	7473
40	14	7342	0.19	7356
41	22	7388	0.30	7410
42	17	7084	0.24	7101
43	18	7068	0.25	7086
44	17	6931	0.24	6948
45	20	7084	0.28	7104
46	9	6859	0.13	6868
47	19	6818	0.28	6837
48	14	6602	0.21	6616
49	18	6637	0.27	6655
50	15	6488	0.23	6503
51	18	6414	0.28	6432
52	18	6351	0.28	6369
53	16	6280	0.25	6296
54	15	6116	0.24	6131
55	14	5917	0.24	5931
56	19	5840	0.32	5859
57	14	5611	0.25	5625
58	11	5471	0.20	5482
59	12	5548	0.22	5560
60	16	5317	0.30	5333
61	12	5176	0.23	5188
62	18	4983	0.36	5001
63	12	4876	0.25	4888
64	12	4781	0.25	4793
65	14	4554	0.31	4568
66	14	4277	0.33	4291
67	12	4114	0.29	4126
68	13	3906	0.33	3919
69	8	3857	0.21	3865
70	7	3693	0.19	3700
71	14	3507	0.40	3521
72	7	3392	0.21	3399
73	6	3162	0.19	3168
74	9	3069	0.29	3078
75	10	2909	0.34	2919
76	10	2685	0.37	2695
77	3	1303	0.23	1306

