CpG context (R1)
================
position	count methylated	count unmethylated	% methylation	coverage
1	472	104	81.94	576
2	513	112	82.08	625
3	488	105	82.29	593
4	535	110	82.95	645
5	555	102	84.47	657
6	496	108	82.12	604
7	516	95	84.45	611
8	499	132	79.08	631
9	496	111	81.71	607
10	477	124	79.37	601
11	497	117	80.94	614
12	469	105	81.71	574
13	518	113	82.09	631
14	466	88	84.12	554
15	528	110	82.76	638
16	507	100	83.53	607
17	486	119	80.33	605
18	506	115	81.48	621
19	507	106	82.71	613
20	482	109	81.56	591
21	492	107	82.14	599
22	479	106	81.88	585
23	468	116	80.14	584
24	454	132	77.47	586
25	517	128	80.16	645
26	506	98	83.77	604
27	530	133	79.94	663
28	479	92	83.89	571
29	487	114	81.03	601
30	507	108	82.44	615
31	478	130	78.62	608
32	489	122	80.03	611
33	464	114	80.28	578
34	501	99	83.50	600
35	502	127	79.81	629
36	489	114	81.09	603
37	448	126	78.05	574
38	435	103	80.86	538
39	496	109	81.98	605
40	441	122	78.33	563
41	469	104	81.85	573
42	483	104	82.28	587
43	456	121	79.03	577
44	499	112	81.67	611
45	476	108	81.51	584
46	427	114	78.93	541
47	460	97	82.59	557
48	446	113	79.79	559
49	442	95	82.31	537
50	474	88	84.34	562
51	465	122	79.22	587
52	496	103	82.80	599
53	449	108	80.61	557
54	478	106	81.85	584
55	510	98	83.88	608
56	486	92	84.08	578
57	431	118	78.51	549
58	475	110	81.20	585
59	411	107	79.34	518
60	451	113	79.96	564
61	487	110	81.57	597
62	424	107	79.85	531
63	437	111	79.74	548
64	455	120	79.13	575
65	485	105	82.20	590
66	441	127	77.64	568
67	476	119	80.00	595
68	462	98	82.50	560
69	470	116	80.20	586
70	467	124	79.02	591
71	449	115	79.61	564
72	453	130	77.70	583
73	474	96	83.16	570
74	471	103	82.06	574
75	459	127	78.33	586
76	465	132	77.89	597
77	459	113	80.24	572
78	502	123	80.32	625
79	465	123	79.08	588
80	509	106	82.76	615
81	465	128	78.41	593
82	425	98	81.26	523
83	478	96	83.28	574
84	430	115	78.90	545
85	448	116	79.43	564
86	451	130	77.62	581
87	476	121	79.73	597
88	434	100	81.27	534
89	460	110	80.70	570
90	423	132	76.22	555
91	441	95	82.28	536
92	394	107	78.64	501
93	294	74	79.89	368

CHG context (R1)
================
position	count methylated	count unmethylated	% methylation	coverage
1	6	2375	0.25	2381
2	5	2373	0.21	2378
3	8	2409	0.33	2417
4	12	2476	0.48	2488
5	10	2531	0.39	2541
6	3	2534	0.12	2537
7	5	2465	0.20	2470
8	4	2494	0.16	2498
9	4	2534	0.16	2538
10	11	2590	0.42	2601
11	4	2528	0.16	2532
12	8	2559	0.31	2567
13	9	2591	0.35	2600
14	11	2586	0.42	2597
15	10	2547	0.39	2557
16	8	2601	0.31	2609
17	16	2370	0.67	2386
18	7	2578	0.27	2585
19	6	2420	0.25	2426
20	7	2607	0.27	2614
21	9	2434	0.37	2443
22	8	2564	0.31	2572
23	9	2421	0.37	2430
24	9	2588	0.35	2597
25	10	2526	0.39	2536
26	5	2534	0.20	2539
27	9	2473	0.36	2482
28	8	2378	0.34	2386
29	3	2557	0.12	2560
30	9	2512	0.36	2521
31	13	2588	0.50	2601
32	8	2449	0.33	2457
33	6	2465	0.24	2471
34	4	2556	0.16	2560
35	4	2543	0.16	2547
36	8	2611	0.31	2619
37	12	2455	0.49	2467
38	3	2589	0.12	2592
39	3	2532	0.12	2535
40	7	2495	0.28	2502
41	15	2589	0.58	2604
42	5	2469	0.20	2474
43	13	2546	0.51	2559
44	9	2517	0.36	2526
45	6	2526	0.24	2532
46	10	2536	0.39	2546
47	8	2513	0.32	2521
48	8	2381	0.33	2389
49	7	2555	0.27	2562
50	4	2612	0.15	2616
51	4	2551	0.16	2555
52	10	2493	0.40	2503
53	6	2467	0.24	2473
54	12	2622	0.46	2634
55	6	2527	0.24	2533
56	6	2444	0.24	2450
57	5	2490	0.20	2495
58	5	2516	0.20	2521
59	4	2446	0.16	2450
60	9	2506	0.36	2515
61	7	2516	0.28	2523
62	10	2576	0.39	2586
63	7	2505	0.28	2512
64	6	2528	0.24	2534
65	11	2495	0.44	2506
66	9	2543	0.35	2552
67	11	2405	0.46	2416
68	11	2562	0.43	2573
69	7	2378	0.29	2385
70	2	2526	0.08	2528
71	9	2642	0.34	2651
72	13	2478	0.52	2491
73	4	2498	0.16	2502
74	9	2469	0.36	2478
75	11	2500	0.44	2511
76	10	2448	0.41	2458
77	4	2527	0.16	2531
78	13	2516	0.51	2529
79	7	2510	0.28	2517
80	12	2509	0.48	2521
81	9	2513	0.36	2522
82	6	2520	0.24	2526
83	9	2585	0.35	2594
84	7	2458	0.28	2465
85	12	2560	0.47	2572
86	7	2572	0.27	2579
87	5	2527	0.20	2532
88	10	2537	0.39	2547
89	7	2463	0.28	2470
90	11	2412	0.45	2423
91	11	2470	0.44	2481
92	5	2141	0.23	2146
93	3	1367	0.22	1370

CHH context (R1)
================
position	count methylated	count unmethylated	% methylation	coverage
1	26	7754	0.33	7780
2	21	7830	0.27	7851
3	27	7379	0.36	7406
4	26	7415	0.35	7441
5	19	8072	0.23	8091
6	31	8514	0.36	8545
7	20	8679	0.23	8699
8	26	8528	0.30	8554
9	27	8657	0.31	8684
10	23	8573	0.27	8596
11	19	8648	0.22	8667
12	24	8579	0.28	8603
13	30	8660	0.35	8690
14	23	8831	0.26	8854
15	25	8651	0.29	8676
16	32	8663	0.37	8695
17	29	8787	0.33	8816
18	29	8626	0.34	8655
19	26	8821	0.29	8847
20	31	8645	0.36	8676
21	28	8703	0.32	8731
22	25	8709	0.29	8734
23	23	8951	0.26	8974
24	26	8762	0.30	8788
25	27	8820	0.31	8847
26	36	8734	0.41	8770
27	26	8836	0.29	8862
28	37	8746	0.42	8783
29	23	8567	0.27	8590
30	37	8715	0.42	8752
31	24	8536	0.28	8560
32	25	8426	0.30	8451
33	24	8497	0.28	8521
34	28	8604	0.32	8632
35	25	8559	0.29	8584
36	25	8748	0.28	8773
37	22	8794	0.25	8816
38	29	8795	0.33	8824
39	26	8572	0.30	8598
40	21	8583	0.24	8604
41	24	8487	0.28	8511
42	21	8474	0.25	8495
43	21	8375	0.25	8396
44	19	8494	0.22	8513
45	32	8605	0.37	8637
46	25	8587	0.29	8612
47	38	8703	0.43	8741
48	31	8739	0.35	8770
49	27	8558	0.31	8585
50	31	8624	0.36	8655
51	31	8503	0.36	8534
52	29	8690	0.33	8719
53	29	8529	0.34	8558
54	21	8552	0.24	8573
55	31	8649	0.36	8680
56	29	8694	0.33	8723
57	26	8547	0.30	8573
58	35	8540	0.41	8575
59	35	8569	0.41	8604
60	26	8598	0.30	8624
61	26	8615	0.30	8641
62	38	8643	0.44	8681
63	31	8570	0.36	8601
64	37	8670	0.42	8707
65	27	8473	0.32	8500
66	28	8524	0.33	8552
67	32	8582	0.37	8614
68	34	8553	0.40	8587
69	17	8621	0.20	8638
70	21	8500	0.25	8521
71	26	8633	0.30	8659
72	16	8553	0.19	8569
73	26	8665	0.30	8691
74	35	8476	0.41	8511
75	28	8520	0.33	8548
76	32	8738	0.36	8770
77	26	8663	0.30	8689
78	32	8756	0.36	8788
79	32	8653	0.37	8685
80	29	8689	0.33	8718
81	32	8619	0.37	8651
82	23	8576	0.27	8599
83	37	8523	0.43	8560
84	31	8699	0.36	8730
85	30	8773	0.34	8803
86	29	8676	0.33	8705
87	33	8606	0.38	8639
88	30	8609	0.35	8639
89	34	8606	0.39	8640
90	34	8652	0.39	8686
91	28	8243	0.34	8271
92	39	7785	0.50	7824
93	29	5377	0.54	5406

CpG context (R2)
================
position	count methylated	count unmethylated	% methylation	coverage
1	433	131	76.77	564
2	464	147	75.94	611
3	480	135	78.05	615
4	478	93	83.71	571
5	498	110	81.91	608
6	502	126	79.94	628
7	462	118	79.66	580
8	500	126	79.87	626
9	521	130	80.03	651
10	513	119	81.17	632
11	501	119	80.81	620
12	520	120	81.25	640
13	479	111	81.19	590
14	500	106	82.51	606
15	511	122	80.73	633
16	496	125	79.87	621
17	442	91	82.93	533
18	463	129	78.21	592
19	477	107	81.68	584
20	459	91	83.45	550
21	461	117	79.76	578
22	465	106	81.44	571
23	451	108	80.68	559
24	510	105	82.93	615
25	465	88	84.09	553
26	459	125	78.60	584
27	435	91	82.70	526
28	482	101	82.68	583
29	459	102	81.82	561
30	481	109	81.53	590
31	457	116	79.76	573
32	445	111	80.04	556
33	444	94	82.53	538
34	447	116	79.40	563
35	409	111	78.65	520
36	435	101	81.16	536
37	443	128	77.58	571
38	436	98	81.65	534
39	459	118	79.55	577
40	410	99	80.55	509
41	439	112	79.67	551
42	399	99	80.12	498
43	425	105	80.19	530
44	407	97	80.75	504
45	391	110	78.04	501
46	410	111	78.69	521
47	387	97	79.96	484
48	409	104	79.73	513
49	383	99	79.46	482
50	400	101	79.84	501
51	369	94	79.70	463
52	368	99	78.80	467
53	381	91	80.72	472
54	334	91	78.59	425
55	380	96	79.83	476
56	355	83	81.05	438
57	359	88	80.31	447
58	323	87	78.78	410
59	334	91	78.59	425
60	366	81	81.88	447
61	333	75	81.62	408
62	327	90	78.42	417
63	308	98	75.86	406
64	322	91	77.97	413
65	289	81	78.11	370
66	315	58	84.45	373
67	297	81	78.57	378
68	283	79	78.18	362
69	276	63	81.42	339
70	271	78	77.65	349
71	279	77	78.37	356
72	267	60	81.65	327
73	238	58	80.41	296
74	214	76	73.79	290
75	274	70	79.65	344
76	245	62	79.80	307
77	139	34	80.35	173

CHG context (R2)
================
position	count methylated	count unmethylated	% methylation	coverage
1	132	2572	4.88	2704
2	70	2620	2.60	2690
3	46	2517	1.79	2563
4	22	2603	0.84	2625
5	14	2557	0.54	2571
6	10	2459	0.41	2469
7	14	2473	0.56	2487
8	11	2512	0.44	2523
9	8	2544	0.31	2552
10	5	2545	0.20	2550
11	7	2615	0.27	2622
12	11	2430	0.45	2441
13	12	2436	0.49	2448
14	7	2491	0.28	2498
15	5	2533	0.20	2538
16	9	2489	0.36	2498
17	9	2428	0.37	2437
18	9	2500	0.36	2509
19	7	2395	0.29	2402
20	14	2511	0.55	2525
21	6	2425	0.25	2431
22	10	2576	0.39	2586
23	12	2527	0.47	2539
24	3	2545	0.12	2548
25	10	2399	0.42	2409
26	6	2529	0.24	2535
27	9	2401	0.37	2410
28	5	2393	0.21	2398
29	6	2400	0.25	2406
30	2	2365	0.08	2367
31	9	2465	0.36	2474
32	4	2437	0.16	2441
33	5	2321	0.21	2326
34	6	2350	0.25	2356
35	5	2342	0.21	2347
36	8	2350	0.34	2358
37	12	2320	0.51	2332
38	6	2328	0.26	2334
39	10	2302	0.43	2312
40	9	2353	0.38	2362
41	8	2214	0.36	2222
42	8	2341	0.34	2349
43	8	2190	0.36	2198
44	7	2314	0.30	2321
45	3	2157	0.14	2160
46	6	2229	0.27	2235
47	9	2208	0.41	2217
48	10	2137	0.47	2147
49	5	2188	0.23	2193
50	6	2035	0.29	2041
51	6	2065	0.29	2071
52	8	2121	0.38	2129
53	10	2006	0.50	2016
54	4	1996	0.20	2000
55	4	1942	0.21	1946
56	6	2010	0.30	2016
57	4	1932	0.21	1936
58	3	1930	0.16	1933
59	8	1822	0.44	1830
60	8	1826	0.44	1834
61	3	1879	0.16	1882
62	0	1752	0.00	1752
63	9	1771	0.51	1780
64	8	1751	0.45	1759
65	7	1728	0.40	1735
66	8	1625	0.49	1633
67	3	1654	0.18	1657
68	5	1712	0.29	1717
69	9	1549	0.58	1558
70	6	1618	0.37	1624
71	4	1529	0.26	1533
72	6	1399	0.43	1405
73	9	1447	0.62	1456
74	3	1336	0.22	1339
75	4	1293	0.31	1297
76	6	1356	0.44	1362
77	2	658	0.30	660

CHH context (R2)
================
position	count methylated	count unmethylated	% methylation	coverage
1	437	8755	4.75	9192
2	290	8826	3.18	9116
3	202	8799	2.24	9001
4	114	8773	1.28	8887
5	102	8727	1.16	8829
6	63	8748	0.72	8811
7	37	8758	0.42	8795
8	49	8905	0.55	8954
9	30	8540	0.35	8570
10	19	8608	0.22	8627
11	25	8525	0.29	8550
12	21	8429	0.25	8450
13	24	8461	0.28	8485
14	32	8233	0.39	8265
15	24	8197	0.29	8221
16	27	8460	0.32	8487
17	28	8404	0.33	8432
18	30	8341	0.36	8371
19	20	8304	0.24	8324
20	16	8134	0.20	8150
21	23	8279	0.28	8302
22	27	8207	0.33	8234
23	27	8187	0.33	8214
24	23	8179	0.28	8202
25	25	8214	0.30	8239
26	20	8313	0.24	8333
27	25	8167	0.31	8192
28	21	8196	0.26	8217
29	25	8200	0.30	8225
30	16	8316	0.19	8332
31	27	8077	0.33	8104
32	31	8158	0.38	8189
33	18	7942	0.23	7960
34	34	8138	0.42	8172
35	20	8048	0.25	8068
36	24	8112	0.29	8136
37	24	8020	0.30	8044
38	24	8008	0.30	8032
39	23	7925	0.29	7948
40	26	7752	0.33	7778
41	24	7863	0.30	7887
42	34	7782	0.44	7816
43	25	7730	0.32	7755
44	22	7681	0.29	7703
45	24	7608	0.31	7632
46	21	7495	0.28	7516
47	28	7538	0.37	7566
48	13	7548	0.17	7561
49	18	7370	0.24	7388
50	17	7241	0.23	7258
51	21	7180	0.29	7201
52	21	7067	0.30	7088
53	16	6973	0.23	6989
54	24	6854	0.35	6878
55	20	6874	0.29	6894
56	17	6896	0.25	6913
57	22	6706	0.33	6728
58	22	6615	0.33	6637
59	27	6639	0.41	6666
60	22	6387	0.34	6409
61	22	6318	0.35	6340
62	19	6160	0.31	6179
63	16	6086	0.26	6102
64	20	5834	0.34	5854
65	21	5870	0.36	5891
66	21	5784	0.36	5805
67	16	5556	0.29	5572
68	13	5349	0.24	5362
69	14	5397	0.26	5411
70	15	5218	0.29	5233
71	13	5138	0.25	5151
72	14	5018	0.28	5032
73	11	4911	0.22	4922
74	11	4932	0.22	4943
75	13	4682	0.28	4695
76	11	4356	0.25	4367
77	6	2124	0.28	2130

