CpG context (R1)
================
position	count methylated	count unmethylated	% methylation	coverage
1	418	82	83.60	500
2	378	87	81.29	465
3	384	96	80.00	480
4	381	105	78.40	486
5	431	118	78.51	549
6	426	122	77.74	548
7	401	117	77.41	518
8	423	110	79.36	533
9	463	92	83.42	555
10	443	98	81.89	541
11	467	89	83.99	556
12	467	76	86.00	543
13	448	105	81.01	553
14	467	114	80.38	581
15	463	103	81.80	566
16	458	97	82.52	555
17	455	119	79.27	574
18	448	115	79.57	563
19	433	102	80.93	535
20	470	79	85.61	549
21	495	99	83.33	594
22	448	88	83.58	536
23	446	91	83.05	537
24	482	100	82.82	582
25	410	118	77.65	528
26	427	93	82.12	520
27	408	104	79.69	512
28	456	112	80.28	568
29	427	111	79.37	538
30	450	119	79.09	569
31	456	106	81.14	562
32	433	100	81.24	533
33	381	95	80.04	476
34	395	117	77.15	512
35	451	116	79.54	567
36	449	119	79.05	568
37	454	92	83.15	546
38	412	105	79.69	517
39	423	96	81.50	519
40	453	100	81.92	553
41	414	103	80.08	517
42	420	98	81.08	518
43	418	122	77.41	540
44	438	100	81.41	538
45	431	124	77.66	555
46	400	92	81.30	492
47	399	97	80.44	496
48	407	102	79.96	509
49	413	106	79.58	519
50	368	102	78.30	470
51	437	106	80.48	543
52	415	105	79.81	520
53	391	100	79.63	491
54	382	98	79.58	480
55	413	130	76.06	543
56	439	105	80.70	544
57	401	107	78.94	508
58	424	110	79.40	534
59	428	100	81.06	528
60	422	103	80.38	525
61	419	132	76.04	551
62	416	126	76.75	542
63	395	110	78.22	505
64	389	109	78.11	498
65	379	109	77.66	488
66	423	100	80.88	523
67	385	110	77.78	495
68	392	111	77.93	503
69	399	128	75.71	527
70	460	101	82.00	561
71	379	106	78.14	485
72	408	98	80.63	506
73	412	107	79.38	519
74	383	123	75.69	506
75	426	117	78.45	543
76	467	117	79.97	584
77	415	111	78.90	526
78	390	110	78.00	500
79	408	106	79.38	514
80	430	114	79.04	544
81	402	120	77.01	522
82	402	98	80.40	500
83	406	105	79.45	511
84	420	104	80.15	524
85	417	112	78.83	529
86	392	115	77.32	507
87	424	110	79.40	534
88	409	109	78.96	518
89	426	94	81.92	520
90	384	96	80.00	480
91	367	110	76.94	477
92	324	89	78.45	413
93	270	67	80.12	337

CHG context (R1)
================
position	count methylated	count unmethylated	% methylation	coverage
1	13	2039	0.63	2052
2	5	2122	0.24	2127
3	3	2185	0.14	2188
4	2	2270	0.09	2272
5	4	2472	0.16	2476
6	7	2505	0.28	2512
7	9	2374	0.38	2383
8	3	2397	0.12	2400
9	5	2451	0.20	2456
10	6	2421	0.25	2427
11	4	2460	0.16	2464
12	3	2429	0.12	2432
13	6	2498	0.24	2504
14	3	2535	0.12	2538
15	4	2497	0.16	2501
16	6	2308	0.26	2314
17	6	2357	0.25	2363
18	4	2370	0.17	2374
19	5	2445	0.20	2450
20	4	2412	0.17	2416
21	7	2454	0.28	2461
22	7	2424	0.29	2431
23	6	2422	0.25	2428
24	9	2413	0.37	2422
25	7	2374	0.29	2381
26	4	2443	0.16	2447
27	7	2547	0.27	2554
28	4	2468	0.16	2472
29	5	2348	0.21	2353
30	14	2523	0.55	2537
31	6	2448	0.24	2454
32	6	2399	0.25	2405
33	4	2583	0.15	2587
34	7	2375	0.29	2382
35	7	2357	0.30	2364
36	7	2382	0.29	2389
37	5	2421	0.21	2426
38	5	2434	0.21	2439
39	6	2425	0.25	2431
40	3	2397	0.12	2400
41	5	2324	0.21	2329
42	8	2324	0.34	2332
43	6	2433	0.25	2439
44	3	2420	0.12	2423
45	9	2446	0.37	2455
46	6	2392	0.25	2398
47	6	2453	0.24	2459
48	5	2349	0.21	2354
49	2	2372	0.08	2374
50	3	2392	0.13	2395
51	4	2423	0.16	2427
52	8	2349	0.34	2357
53	4	2373	0.17	2377
54	1	2383	0.04	2384
55	7	2419	0.29	2426
56	6	2365	0.25	2371
57	9	2335	0.38	2344
58	4	2401	0.17	2405
59	5	2373	0.21	2378
60	4	2466	0.16	2470
61	4	2423	0.16	2427
62	12	2505	0.48	2517
63	2	2420	0.08	2422
64	9	2372	0.38	2381
65	6	2328	0.26	2334
66	6	2407	0.25	2413
67	4	2302	0.17	2306
68	4	2331	0.17	2335
69	3	2379	0.13	2382
70	4	2367	0.17	2371
71	6	2465	0.24	2471
72	6	2356	0.25	2362
73	8	2414	0.33	2422
74	9	2315	0.39	2324
75	10	2421	0.41	2431
76	8	2316	0.34	2324
77	6	2465	0.24	2471
78	4	2405	0.17	2409
79	6	2430	0.25	2436
80	13	2462	0.53	2475
81	6	2475	0.24	2481
82	9	2426	0.37	2435
83	5	2483	0.20	2488
84	10	2372	0.42	2382
85	11	2373	0.46	2384
86	9	2423	0.37	2432
87	4	2429	0.16	2433
88	8	2399	0.33	2407
89	5	2382	0.21	2387
90	7	2347	0.30	2354
91	10	2232	0.45	2242
92	6	2024	0.30	2030
93	5	1263	0.39	1268

CHH context (R1)
================
position	count methylated	count unmethylated	% methylation	coverage
1	15	6847	0.22	6862
2	15	7104	0.21	7119
3	15	6746	0.22	6761
4	20	6944	0.29	6964
5	14	7621	0.18	7635
6	23	8111	0.28	8134
7	23	8198	0.28	8221
8	15	8443	0.18	8458
9	25	8564	0.29	8589
10	19	8427	0.22	8446
11	14	8257	0.17	8271
12	18	8327	0.22	8345
13	20	8381	0.24	8401
14	17	8341	0.20	8358
15	18	8398	0.21	8416
16	14	8410	0.17	8424
17	22	8564	0.26	8586
18	24	8549	0.28	8573
19	13	8434	0.15	8447
20	21	8443	0.25	8464
21	19	8332	0.23	8351
22	18	8465	0.21	8483
23	13	8510	0.15	8523
24	16	8613	0.19	8629
25	13	8647	0.15	8660
26	24	8707	0.27	8731
27	17	8765	0.19	8782
28	22	8603	0.26	8625
29	24	8427	0.28	8451
30	19	8401	0.23	8420
31	22	8335	0.26	8357
32	21	8290	0.25	8311
33	21	8366	0.25	8387
34	18	8312	0.22	8330
35	20	8356	0.24	8376
36	21	8621	0.24	8642
37	18	8461	0.21	8479
38	26	8489	0.31	8515
39	21	8268	0.25	8289
40	20	8095	0.25	8115
41	16	8057	0.20	8073
42	20	8199	0.24	8219
43	26	8227	0.32	8253
44	15	8402	0.18	8417
45	27	8413	0.32	8440
46	22	8287	0.26	8309
47	17	8314	0.20	8331
48	23	8253	0.28	8276
49	16	8289	0.19	8305
50	18	8128	0.22	8146
51	15	8218	0.18	8233
52	24	8295	0.29	8319
53	16	8340	0.19	8356
54	24	8342	0.29	8366
55	16	8516	0.19	8532
56	26	8385	0.31	8411
57	13	8420	0.15	8433
58	25	8352	0.30	8377
59	23	8276	0.28	8299
60	23	8203	0.28	8226
61	12	8217	0.15	8229
62	31	8271	0.37	8302
63	25	8148	0.31	8173
64	20	8136	0.25	8156
65	30	8165	0.37	8195
66	31	8163	0.38	8194
67	32	8264	0.39	8296
68	23	8262	0.28	8285
69	25	8326	0.30	8351
70	23	8288	0.28	8311
71	22	8163	0.27	8185
72	25	8123	0.31	8148
73	23	8172	0.28	8195
74	31	8119	0.38	8150
75	26	8400	0.31	8426
76	26	8472	0.31	8498
77	21	8561	0.24	8582
78	30	8398	0.36	8428
79	27	8554	0.31	8581
80	24	8423	0.28	8447
81	23	8373	0.27	8396
82	21	8359	0.25	8380
83	26	8065	0.32	8091
84	25	8439	0.30	8464
85	42	8278	0.50	8320
86	21	8252	0.25	8273
87	31	8330	0.37	8361
88	29	8355	0.35	8384
89	34	8528	0.40	8562
90	36	8424	0.43	8460
91	35	8108	0.43	8143
92	47	7354	0.64	7401
93	36	5057	0.71	5093

CpG context (R2)
================
position	count methylated	count unmethylated	% methylation	coverage
1	415	114	78.45	529
2	475	104	82.04	579
3	431	108	79.96	539
4	426	105	80.23	531
5	475	95	83.33	570
6	433	100	81.24	533
7	462	113	80.35	575
8	454	93	83.00	547
9	458	101	81.93	559
10	467	106	81.50	573
11	472	95	83.25	567
12	433	112	79.45	545
13	485	98	83.19	583
14	428	113	79.11	541
15	482	109	81.56	591
16	438	129	77.25	567
17	453	103	81.47	556
18	462	120	79.38	582
19	386	115	77.05	501
20	420	102	80.46	522
21	411	97	80.91	508
22	399	117	77.33	516
23	400	110	78.43	510
24	408	97	80.79	505
25	428	90	82.63	518
26	402	114	77.91	516
27	382	105	78.44	487
28	389	96	80.21	485
29	369	75	83.11	444
30	361	82	81.49	443
31	372	89	80.69	461
32	387	109	78.02	496
33	366	111	76.73	477
34	383	96	79.96	479
35	383	83	82.19	466
36	361	112	76.32	473
37	357	97	78.63	454
38	392	106	78.71	498
39	384	94	80.33	478
40	348	84	80.56	432
41	377	99	79.20	476
42	369	92	80.04	461
43	297	118	71.57	415
44	351	77	82.01	428
45	311	96	76.41	407
46	366	85	81.15	451
47	321	87	78.68	408
48	320	72	81.63	392
49	295	91	76.42	386
50	300	102	74.63	402
51	330	81	80.29	411
52	310	82	79.08	392
53	304	78	79.58	382
54	279	58	82.79	337
55	307	78	79.74	385
56	300	89	77.12	389
57	288	107	72.91	395
58	270	78	77.59	348
59	283	85	76.90	368
60	246	59	80.66	305
61	241	57	80.87	298
62	223	59	79.08	282
63	221	61	78.37	282
64	220	62	78.01	282
65	228	64	78.08	292
66	212	71	74.91	283
67	201	65	75.56	266
68	199	43	82.23	242
69	182	54	77.12	236
70	211	50	80.84	261
71	167	51	76.61	218
72	190	52	78.51	242
73	159	57	73.61	216
74	182	40	81.98	222
75	141	47	75.00	188
76	173	42	80.47	215
77	69	25	73.40	94

CHG context (R2)
================
position	count methylated	count unmethylated	% methylation	coverage
1	133	2448	5.15	2581
2	72	2396	2.92	2468
3	35	2324	1.48	2359
4	15	2378	0.63	2393
5	18	2385	0.75	2403
6	8	2433	0.33	2441
7	4	2448	0.16	2452
8	8	2418	0.33	2426
9	9	2415	0.37	2424
10	3	2344	0.13	2347
11	2	2413	0.08	2415
12	8	2384	0.33	2392
13	9	2357	0.38	2366
14	7	2391	0.29	2398
15	3	2356	0.13	2359
16	4	2324	0.17	2328
17	7	2294	0.30	2301
18	3	2266	0.13	2269
19	4	2277	0.18	2281
20	4	2297	0.17	2301
21	5	2361	0.21	2366
22	6	2231	0.27	2237
23	5	2381	0.21	2386
24	6	2273	0.26	2279
25	2	2350	0.09	2352
26	6	2290	0.26	2296
27	4	2231	0.18	2235
28	9	2228	0.40	2237
29	2	2234	0.09	2236
30	4	2258	0.18	2262
31	5	2290	0.22	2295
32	3	2237	0.13	2240
33	5	2149	0.23	2154
34	9	2112	0.42	2121
35	4	2105	0.19	2109
36	6	2073	0.29	2079
37	4	2187	0.18	2191
38	3	2120	0.14	2123
39	10	2054	0.48	2064
40	2	2142	0.09	2144
41	1	2009	0.05	2010
42	2	1984	0.10	1986
43	1	2040	0.05	2041
44	5	2041	0.24	2046
45	3	1909	0.16	1912
46	5	2025	0.25	2030
47	3	2019	0.15	2022
48	4	1855	0.22	1859
49	4	1825	0.22	1829
50	2	1836	0.11	1838
51	3	1861	0.16	1864
52	1	1796	0.06	1797
53	3	1828	0.16	1831
54	1	1751	0.06	1752
55	4	1686	0.24	1690
56	1	1688	0.06	1689
57	0	1634	0.00	1634
58	6	1598	0.37	1604
59	3	1559	0.19	1562
60	3	1569	0.19	1572
61	3	1548	0.19	1551
62	2	1434	0.14	1436
63	1	1374	0.07	1375
64	5	1415	0.35	1420
65	0	1335	0.00	1335
66	4	1381	0.29	1385
67	2	1251	0.16	1253
68	3	1167	0.26	1170
69	1	1105	0.09	1106
70	1	1087	0.09	1088
71	2	1091	0.18	1093
72	2	1045	0.19	1047
73	2	959	0.21	961
74	1	929	0.11	930
75	2	806	0.25	808
76	5	788	0.63	793
77	2	410	0.49	412

CHH context (R2)
================
position	count methylated	count unmethylated	% methylation	coverage
1	463	7792	5.61	8255
2	306	8064	3.66	8370
3	199	8010	2.42	8209
4	105	8008	1.29	8113
5	73	7978	0.91	8051
6	44	8164	0.54	8208
7	43	8139	0.53	8182
8	31	8249	0.37	8280
9	31	8066	0.38	8097
10	15	8002	0.19	8017
11	17	8045	0.21	8062
12	18	7799	0.23	7817
13	19	7899	0.24	7918
14	15	7738	0.19	7753
15	18	7886	0.23	7904
16	13	7795	0.17	7808
17	16	7957	0.20	7973
18	15	7949	0.19	7964
19	20	7918	0.25	7938
20	24	7731	0.31	7755
21	18	7716	0.23	7734
22	14	7675	0.18	7689
23	18	7645	0.23	7663
24	13	7864	0.17	7877
25	21	7745	0.27	7766
26	10	7728	0.13	7738
27	20	7623	0.26	7643
28	18	7589	0.24	7607
29	20	7597	0.26	7617
30	12	7642	0.16	7654
31	19	7536	0.25	7555
32	17	7527	0.23	7544
33	25	7501	0.33	7526
34	16	7521	0.21	7537
35	21	7465	0.28	7486
36	14	7324	0.19	7338
37	17	7409	0.23	7426
38	15	7466	0.20	7481
39	14	7374	0.19	7388
40	11	7377	0.15	7388
41	17	7269	0.23	7286
42	9	7155	0.13	7164
43	10	7028	0.14	7038
44	15	6892	0.22	6907
45	14	6892	0.20	6906
46	13	6852	0.19	6865
47	21	6811	0.31	6832
48	10	6582	0.15	6592
49	16	6668	0.24	6684
50	8	6524	0.12	6532
51	15	6327	0.24	6342
52	10	6129	0.16	6139
53	12	6048	0.20	6060
54	12	6042	0.20	6054
55	17	5876	0.29	5893
56	9	5761	0.16	5770
57	5	5680	0.09	5685
58	10	5497	0.18	5507
59	10	5372	0.19	5382
60	9	5344	0.17	5353
61	8	5160	0.15	5168
62	7	4990	0.14	4997
63	7	4865	0.14	4872
64	10	4636	0.22	4646
65	16	4430	0.36	4446
66	5	4378	0.11	4383
67	8	4364	0.18	4372
68	6	4117	0.15	4123
69	9	3885	0.23	3894
70	11	3885	0.28	3896
71	13	3628	0.36	3641
72	6	3510	0.17	3516
73	12	3401	0.35	3413
74	6	3247	0.18	3253
75	9	3138	0.29	3147
76	4	2817	0.14	2821
77	2	1366	0.15	1368

