CpG context (R1)
================
position	count methylated	count unmethylated	% methylation	coverage
1	432	100	81.20	532
2	395	98	80.12	493
3	379	81	82.39	460
4	379	98	79.45	477
5	461	103	81.74	564
6	472	93	83.54	565
7	391	104	78.99	495
8	416	106	79.69	522
9	491	121	80.23	612
10	464	110	80.84	574
11	539	94	85.15	633
12	496	113	81.44	609
13	517	119	81.29	636
14	467	116	80.10	583
15	460	100	82.14	560
16	435	106	80.41	541
17	445	101	81.50	546
18	481	85	84.98	566
19	486	111	81.41	597
20	454	111	80.35	565
21	473	104	81.98	577
22	461	110	80.74	571
23	475	81	85.43	556
24	458	99	82.23	557
25	438	112	79.64	550
26	464	96	82.86	560
27	464	109	80.98	573
28	474	106	81.72	580
29	500	114	81.43	614
30	523	110	82.62	633
31	508	116	81.41	624
32	422	97	81.31	519
33	450	115	79.65	565
34	443	102	81.28	545
35	464	91	83.60	555
36	477	115	80.57	592
37	435	111	79.67	546
38	487	101	82.82	588
39	473	124	79.23	597
40	442	107	80.51	549
41	433	119	78.44	552
42	440	112	79.71	552
43	454	95	82.70	549
44	443	101	81.43	544
45	461	129	78.14	590
46	443	114	79.53	557
47	453	104	81.33	557
48	427	110	79.52	537
49	454	98	82.25	552
50	416	114	78.49	530
51	464	99	82.42	563
52	444	135	76.68	579
53	443	104	80.99	547
54	416	93	81.73	509
55	432	94	82.13	526
56	510	91	84.86	601
57	435	118	78.66	553
58	453	133	77.30	586
59	455	97	82.43	552
60	483	119	80.23	602
61	442	110	80.07	552
62	421	125	77.11	546
63	427	121	77.92	548
64	412	108	79.23	520
65	467	106	81.50	573
66	454	109	80.64	563
67	443	118	78.97	561
68	428	114	78.97	542
69	406	110	78.68	516
70	447	117	79.26	564
71	449	105	81.05	554
72	443	102	81.28	545
73	449	112	80.04	561
74	440	107	80.44	547
75	461	118	79.62	579
76	426	121	77.88	547
77	472	102	82.23	574
78	481	119	80.17	600
79	436	112	79.56	548
80	452	113	80.00	565
81	482	96	83.39	578
82	460	92	83.33	552
83	438	104	80.81	542
84	444	114	79.57	558
85	461	133	77.61	594
86	464	111	80.70	575
87	441	131	77.10	572
88	439	141	75.69	580
89	467	132	77.96	599
90	449	127	77.95	576
91	406	102	79.92	508
92	319	101	75.95	420
93	292	82	78.07	374

CHG context (R1)
================
position	count methylated	count unmethylated	% methylation	coverage
1	6	2067	0.29	2073
2	6	2137	0.28	2143
3	8	2315	0.34	2323
4	3	2475	0.12	2478
5	6	2481	0.24	2487
6	4	2539	0.16	2543
7	4	2474	0.16	2478
8	10	2400	0.41	2410
9	13	2525	0.51	2538
10	4	2584	0.15	2588
11	6	2512	0.24	2518
12	3	2602	0.12	2605
13	7	2551	0.27	2558
14	9	2568	0.35	2577
15	6	2554	0.23	2560
16	5	2435	0.20	2440
17	11	2513	0.44	2524
18	8	2514	0.32	2522
19	3	2514	0.12	2517
20	8	2457	0.32	2465
21	5	2524	0.20	2529
22	14	2570	0.54	2584
23	7	2657	0.26	2664
24	10	2539	0.39	2549
25	7	2508	0.28	2515
26	5	2515	0.20	2520
27	7	2625	0.27	2632
28	5	2587	0.19	2592
29	10	2556	0.39	2566
30	2	2578	0.08	2580
31	4	2478	0.16	2482
32	3	2452	0.12	2455
33	11	2602	0.42	2613
34	8	2564	0.31	2572
35	4	2513	0.16	2517
36	4	2578	0.15	2582
37	5	2518	0.20	2523
38	6	2534	0.24	2540
39	4	2535	0.16	2539
40	6	2584	0.23	2590
41	8	2538	0.31	2546
42	7	2528	0.28	2535
43	3	2483	0.12	2486
44	4	2453	0.16	2457
45	7	2489	0.28	2496
46	8	2563	0.31	2571
47	5	2541	0.20	2546
48	4	2472	0.16	2476
49	9	2527	0.35	2536
50	4	2481	0.16	2485
51	5	2542	0.20	2547
52	10	2475	0.40	2485
53	3	2491	0.12	2494
54	11	2442	0.45	2453
55	6	2534	0.24	2540
56	7	2372	0.29	2379
57	6	2341	0.26	2347
58	11	2408	0.45	2419
59	9	2615	0.34	2624
60	6	2442	0.25	2448
61	10	2544	0.39	2554
62	12	2487	0.48	2499
63	6	2499	0.24	2505
64	4	2496	0.16	2500
65	9	2425	0.37	2434
66	7	2442	0.29	2449
67	6	2352	0.25	2358
68	7	2513	0.28	2520
69	9	2512	0.36	2521
70	6	2516	0.24	2522
71	10	2528	0.39	2538
72	9	2534	0.35	2543
73	8	2484	0.32	2492
74	11	2475	0.44	2486
75	7	2491	0.28	2498
76	11	2394	0.46	2405
77	8	2507	0.32	2515
78	14	2479	0.56	2493
79	8	2491	0.32	2499
80	11	2487	0.44	2498
81	8	2563	0.31	2571
82	10	2530	0.39	2540
83	11	2610	0.42	2621
84	7	2513	0.28	2520
85	7	2453	0.28	2460
86	12	2409	0.50	2421
87	8	2456	0.32	2464
88	7	2594	0.27	2601
89	9	2480	0.36	2489
90	10	2460	0.40	2470
91	11	2270	0.48	2281
92	13	2184	0.59	2197
93	9	1351	0.66	1360

CHH context (R1)
================
position	count methylated	count unmethylated	% methylation	coverage
1	23	7123	0.32	7146
2	19	7424	0.26	7443
3	19	7016	0.27	7035
4	16	7289	0.22	7305
5	17	7958	0.21	7975
6	17	8356	0.20	8373
7	22	8650	0.25	8672
8	29	8780	0.33	8809
9	17	8788	0.19	8805
10	24	8717	0.27	8741
11	22	8550	0.26	8572
12	20	8584	0.23	8604
13	18	8787	0.20	8805
14	23	8658	0.26	8681
15	21	8755	0.24	8776
16	19	8705	0.22	8724
17	16	8823	0.18	8839
18	21	8944	0.23	8965
19	18	8785	0.20	8803
20	26	8832	0.29	8858
21	20	8795	0.23	8815
22	26	8782	0.30	8808
23	27	9022	0.30	9049
24	24	8856	0.27	8880
25	20	8989	0.22	9009
26	30	8891	0.34	8921
27	16	8821	0.18	8837
28	20	8998	0.22	9018
29	21	8755	0.24	8776
30	20	8703	0.23	8723
31	17	8693	0.20	8710
32	31	8601	0.36	8632
33	20	8576	0.23	8596
34	26	8610	0.30	8636
35	21	8589	0.24	8610
36	20	8761	0.23	8781
37	25	8934	0.28	8959
38	22	8811	0.25	8833
39	27	8556	0.31	8583
40	14	8634	0.16	8648
41	28	8460	0.33	8488
42	17	8453	0.20	8470
43	23	8617	0.27	8640
44	20	8656	0.23	8676
45	25	8808	0.28	8833
46	24	8749	0.27	8773
47	22	8863	0.25	8885
48	20	8683	0.23	8703
49	18	8615	0.21	8633
50	24	8860	0.27	8884
51	27	8704	0.31	8731
52	28	8675	0.32	8703
53	25	8669	0.29	8694
54	27	8690	0.31	8717
55	23	8646	0.27	8669
56	20	8836	0.23	8856
57	28	8853	0.32	8881
58	20	8749	0.23	8769
59	32	8592	0.37	8624
60	24	8662	0.28	8686
61	18	8588	0.21	8606
62	24	8600	0.28	8624
63	22	8583	0.26	8605
64	27	8637	0.31	8664
65	29	8736	0.33	8765
66	23	8577	0.27	8600
67	33	8625	0.38	8658
68	30	8683	0.34	8713
69	26	8815	0.29	8841
70	30	8644	0.35	8674
71	27	8649	0.31	8676
72	25	8563	0.29	8588
73	34	8490	0.40	8524
74	27	8603	0.31	8630
75	30	8767	0.34	8797
76	28	8805	0.32	8833
77	29	8778	0.33	8807
78	33	8961	0.37	8994
79	31	8814	0.35	8845
80	22	8928	0.25	8950
81	32	8765	0.36	8797
82	38	8671	0.44	8709
83	36	8532	0.42	8568
84	37	8558	0.43	8595
85	44	8658	0.51	8702
86	34	8894	0.38	8928
87	38	8872	0.43	8910
88	37	8770	0.42	8807
89	37	8723	0.42	8760
90	43	8501	0.50	8544
91	35	8353	0.42	8388
92	59	7622	0.77	7681
93	44	5329	0.82	5373

CpG context (R2)
================
position	count methylated	count unmethylated	% methylation	coverage
1	465	102	82.01	567
2	471	103	82.06	574
3	506	94	84.33	600
4	470	110	81.03	580
5	510	98	83.88	608
6	515	89	85.26	604
7	516	111	82.30	627
8	526	111	82.57	637
9	514	104	83.17	618
10	499	112	81.67	611
11	501	99	83.50	600
12	501	108	82.27	609
13	479	104	82.16	583
14	474	86	84.64	560
15	470	98	82.75	568
16	445	101	81.50	546
17	473	110	81.13	583
18	440	103	81.03	543
19	485	110	81.51	595
20	448	104	81.16	552
21	451	93	82.90	544
22	441	102	81.22	543
23	400	92	81.30	492
24	435	89	83.02	524
25	421	88	82.71	509
26	418	88	82.61	506
27	463	100	82.24	563
28	421	112	78.99	533
29	428	95	81.84	523
30	430	113	79.19	543
31	401	91	81.50	492
32	407	107	79.18	514
33	353	97	78.44	450
34	362	96	79.04	458
35	384	94	80.33	478
36	389	81	82.77	470
37	359	98	78.56	457
38	366	88	80.62	454
39	388	96	80.17	484
40	362	84	81.17	446
41	340	81	80.76	421
42	345	86	80.05	431
43	378	80	82.53	458
44	369	101	78.51	470
45	313	84	78.84	397
46	332	97	77.39	429
47	337	78	81.20	415
48	304	81	78.96	385
49	304	88	77.55	392
50	282	88	76.22	370
51	298	65	82.09	363
52	304	75	80.21	379
53	309	72	81.10	381
54	265	79	77.03	344
55	280	71	79.77	351
56	269	62	81.27	331
57	242	69	77.81	311
58	245	72	77.29	317
59	244	70	77.71	314
60	207	59	77.82	266
61	249	65	79.30	314
62	238	55	81.23	293
63	230	59	79.58	289
64	228	70	76.51	298
65	216	60	78.26	276
66	183	40	82.06	223
67	185	58	76.13	243
68	177	39	81.94	216
69	166	46	78.30	212
70	165	49	77.10	214
71	155	48	76.35	203
72	157	35	81.77	192
73	144	42	77.42	186
74	133	39	77.33	172
75	130	36	78.31	166
76	112	34	76.71	146
77	61	16	79.22	77

CHG context (R2)
================
position	count methylated	count unmethylated	% methylation	coverage
1	106	2433	4.17	2539
2	41	2488	1.62	2529
3	27	2447	1.09	2474
4	10	2388	0.42	2398
5	14	2406	0.58	2420
6	5	2484	0.20	2489
7	4	2523	0.16	2527
8	6	2593	0.23	2599
9	7	2481	0.28	2488
10	6	2473	0.24	2479
11	5	2479	0.20	2484
12	6	2345	0.26	2351
13	11	2368	0.46	2379
14	6	2463	0.24	2469
15	5	2366	0.21	2371
16	9	2286	0.39	2295
17	6	2382	0.25	2388
18	7	2307	0.30	2314
19	6	2325	0.26	2331
20	4	2417	0.17	2421
21	2	2370	0.08	2372
22	6	2375	0.25	2381
23	12	2382	0.50	2394
24	5	2376	0.21	2381
25	4	2328	0.17	2332
26	5	2326	0.21	2331
27	5	2368	0.21	2373
28	7	2389	0.29	2396
29	6	2228	0.27	2234
30	3	2364	0.13	2367
31	9	2203	0.41	2212
32	5	2261	0.22	2266
33	5	2163	0.23	2168
34	5	2192	0.23	2197
35	6	2126	0.28	2132
36	4	2113	0.19	2117
37	7	2178	0.32	2185
38	4	2052	0.19	2056
39	4	2060	0.19	2064
40	7	2111	0.33	2118
41	6	1968	0.30	1974
42	3	1994	0.15	1997
43	2	2028	0.10	2030
44	6	1869	0.32	1875
45	9	1961	0.46	1970
46	8	1893	0.42	1901
47	1	1882	0.05	1883
48	5	1785	0.28	1790
49	6	1738	0.34	1744
50	4	1713	0.23	1717
51	4	1713	0.23	1717
52	3	1674	0.18	1677
53	5	1615	0.31	1620
54	2	1665	0.12	1667
55	3	1632	0.18	1635
56	4	1551	0.26	1555
57	4	1496	0.27	1500
58	2	1479	0.14	1481
59	4	1428	0.28	1432
60	3	1389	0.22	1392
61	5	1368	0.36	1373
62	2	1308	0.15	1310
63	4	1324	0.30	1328
64	3	1199	0.25	1202
65	4	1235	0.32	1239
66	2	1130	0.18	1132
67	4	1058	0.38	1062
68	2	1019	0.20	1021
69	2	1055	0.19	1057
70	1	941	0.11	942
71	3	917	0.33	920
72	0	864	0.00	864
73	2	856	0.23	858
74	2	819	0.24	821
75	2	783	0.25	785
76	2	706	0.28	708
77	2	345	0.58	347

CHH context (R2)
================
position	count methylated	count unmethylated	% methylation	coverage
1	298	8040	3.57	8338
2	216	8135	2.59	8351
3	149	8140	1.80	8289
4	69	8259	0.83	8328
5	43	8441	0.51	8484
6	33	8354	0.39	8387
7	25	8260	0.30	8285
8	18	8436	0.21	8454
9	23	8392	0.27	8415
10	27	8119	0.33	8146
11	26	8177	0.32	8203
12	31	8043	0.38	8074
13	22	7981	0.27	8003
14	20	7999	0.25	8019
15	28	7917	0.35	7945
16	15	7969	0.19	7984
17	32	7915	0.40	7947
18	29	7996	0.36	8025
19	20	8105	0.25	8125
20	25	7963	0.31	7988
21	14	7814	0.18	7828
22	18	7796	0.23	7814
23	20	7717	0.26	7737
24	25	7801	0.32	7826
25	22	7869	0.28	7891
26	16	7664	0.21	7680
27	23	7732	0.30	7755
28	20	7703	0.26	7723
29	19	7617	0.25	7636
30	23	7643	0.30	7666
31	18	7747	0.23	7765
32	20	7608	0.26	7628
33	16	7513	0.21	7529
34	22	7342	0.30	7364
35	22	7301	0.30	7323
36	20	7198	0.28	7218
37	17	7329	0.23	7346
38	14	7376	0.19	7390
39	19	7238	0.26	7257
40	16	7111	0.22	7127
41	17	7206	0.24	7223
42	13	7066	0.18	7079
43	17	6840	0.25	6857
44	17	6794	0.25	6811
45	13	6491	0.20	6504
46	13	6703	0.19	6716
47	11	6551	0.17	6562
48	14	6265	0.22	6279
49	12	6347	0.19	6359
50	12	6188	0.19	6200
51	13	6177	0.21	6190
52	14	5894	0.24	5908
53	18	5599	0.32	5617
54	8	5555	0.14	5563
55	16	5414	0.29	5430
56	11	5421	0.20	5432
57	8	5211	0.15	5219
58	14	5106	0.27	5120
59	11	5065	0.22	5076
60	9	4821	0.19	4830
61	9	4693	0.19	4702
62	4	4507	0.09	4511
63	10	4473	0.22	4483
64	9	4284	0.21	4293
65	14	4031	0.35	4045
66	8	3873	0.21	3881
67	6	3788	0.16	3794
68	7	3622	0.19	3629
69	9	3405	0.26	3414
70	10	3287	0.30	3297
71	5	3210	0.16	3215
72	10	3019	0.33	3029
73	3	2914	0.10	2917
74	9	2730	0.33	2739
75	8	2565	0.31	2573
76	5	2422	0.21	2427
77	4	1146	0.35	1150

