CpG context (R1)
================
position	count methylated	count unmethylated	% methylation	coverage
1	416	75	84.73	491
2	407	69	85.50	476
3	416	85	83.03	501
4	446	76	85.44	522
5	428	74	85.26	502
6	446	75	85.60	521
7	466	87	84.27	553
8	438	79	84.72	517
9	442	68	86.67	510
10	439	92	82.67	531
11	401	73	84.60	474
12	440	95	82.24	535
13	487	76	86.50	563
14	420	94	81.71	514
15	481	87	84.68	568
16	422	78	84.40	500
17	458	83	84.66	541
18	456	73	86.20	529
19	439	68	86.59	507
20	457	82	84.79	539
21	404	94	81.12	498
22	449	64	87.52	513
23	425	63	87.09	488
24	463	85	84.49	548
25	451	83	84.46	534
26	408	81	83.44	489
27	411	76	84.39	487
28	409	84	82.96	493
29	457	84	84.47	541
30	415	78	84.18	493
31	433	84	83.75	517
32	437	75	85.35	512
33	419	91	82.16	510
34	398	86	82.23	484
35	412	86	82.73	498
36	459	82	84.84	541
37	396	83	82.67	479
38	403	85	82.58	488
39	425	86	83.17	511
40	391	81	82.84	472
41	394	79	83.30	473
42	443	56	88.78	499
43	426	73	85.37	499
44	415	91	82.02	506
45	416	72	85.25	488
46	417	85	83.07	502
47	401	78	83.72	479
48	404	71	85.05	475
49	406	74	84.58	480
50	404	70	85.23	474
51	397	92	81.19	489
52	387	74	83.95	461
53	447	69	86.63	516
54	435	98	81.61	533
55	427	100	81.02	527
56	407	83	83.06	490
57	414	83	83.30	497
58	387	89	81.30	476
59	408	112	78.46	520
60	389	85	82.07	474
61	383	76	83.44	459
62	412	83	83.23	495
63	366	84	81.33	450
64	424	74	85.14	498
65	428	105	80.30	533
66	381	89	81.06	470
67	399	95	80.77	494
68	394	82	82.77	476
69	402	91	81.54	493
70	421	88	82.71	509
71	349	82	80.97	431
72	443	87	83.58	530
73	378	86	81.47	464
74	355	101	77.85	456
75	421	73	85.22	494
76	404	100	80.16	504
77	385	86	81.74	471
78	394	96	80.41	490
79	379	95	79.96	474
80	335	80	80.72	415
81	219	61	78.21	280

CHG context (R1)
================
position	count methylated	count unmethylated	% methylation	coverage
1	6	2352	0.25	2358
2	5	2292	0.22	2297
3	8	2343	0.34	2351
4	9	2338	0.38	2347
5	9	2326	0.39	2335
6	7	2388	0.29	2395
7	10	2413	0.41	2423
8	12	2448	0.49	2460
9	7	2364	0.30	2371
10	6	2259	0.26	2265
11	5	2359	0.21	2364
12	11	2345	0.47	2356
13	4	2316	0.17	2320
14	7	2395	0.29	2402
15	8	2311	0.34	2319
16	11	2361	0.46	2372
17	8	2389	0.33	2397
18	5	2369	0.21	2374
19	11	2352	0.47	2363
20	11	2267	0.48	2278
21	4	2301	0.17	2305
22	11	2295	0.48	2306
23	5	2324	0.21	2329
24	4	2342	0.17	2346
25	9	2277	0.39	2286
26	6	2408	0.25	2414
27	10	2404	0.41	2414
28	6	2395	0.25	2401
29	8	2353	0.34	2361
30	5	2379	0.21	2384
31	11	2376	0.46	2387
32	11	2266	0.48	2277
33	8	2326	0.34	2334
34	7	2193	0.32	2200
35	8	2197	0.36	2205
36	8	2279	0.35	2287
37	5	2389	0.21	2394
38	11	2365	0.46	2376
39	6	2404	0.25	2410
40	5	2318	0.22	2323
41	4	2289	0.17	2293
42	9	2386	0.38	2395
43	2	2337	0.09	2339
44	8	2296	0.35	2304
45	7	2343	0.30	2350
46	6	2392	0.25	2398
47	9	2268	0.40	2277
48	10	2250	0.44	2260
49	4	2254	0.18	2258
50	4	2218	0.18	2222
51	5	2336	0.21	2341
52	4	2223	0.18	2227
53	5	2279	0.22	2284
54	9	2316	0.39	2325
55	10	2239	0.44	2249
56	2	2289	0.09	2291
57	10	2326	0.43	2336
58	8	2329	0.34	2337
59	8	2253	0.35	2261
60	6	2238	0.27	2244
61	5	2213	0.23	2218
62	8	2240	0.36	2248
63	6	2248	0.27	2254
64	5	2239	0.22	2244
65	4	2338	0.17	2342
66	10	2294	0.43	2304
67	11	2272	0.48	2283
68	7	2242	0.31	2249
69	7	2249	0.31	2256
70	6	2347	0.25	2353
71	4	2282	0.17	2286
72	6	2332	0.26	2338
73	10	2404	0.41	2414
74	9	2313	0.39	2322
75	8	2344	0.34	2352
76	10	2349	0.42	2359
77	8	2266	0.35	2274
78	11	2256	0.49	2267
79	5	2228	0.22	2233
80	4	1968	0.20	1972
81	3	1260	0.24	1263

CHH context (R1)
================
position	count methylated	count unmethylated	% methylation	coverage
1	28	8127	0.34	8155
2	28	8185	0.34	8213
3	27	8190	0.33	8217
4	21	8267	0.25	8288
5	29	7876	0.37	7905
6	22	8205	0.27	8227
7	21	8236	0.25	8257
8	27	8280	0.33	8307
9	25	8308	0.30	8333
10	30	8265	0.36	8295
11	26	8249	0.31	8275
12	25	8271	0.30	8296
13	21	8300	0.25	8321
14	20	8188	0.24	8208
15	34	8157	0.42	8191
16	29	8169	0.35	8198
17	37	8332	0.44	8369
18	22	8477	0.26	8499
19	24	8177	0.29	8201
20	24	8500	0.28	8524
21	19	8384	0.23	8403
22	28	8302	0.34	8330
23	21	8278	0.25	8299
24	26	8029	0.32	8055
25	22	8182	0.27	8204
26	21	7975	0.26	7996
27	31	8206	0.38	8237
28	21	8066	0.26	8087
29	28	8335	0.33	8363
30	28	8441	0.33	8469
31	29	8283	0.35	8312
32	25	8308	0.30	8333
33	25	8072	0.31	8097
34	22	8048	0.27	8070
35	31	7922	0.39	7953
36	23	7864	0.29	7887
37	26	8066	0.32	8092
38	18	8048	0.22	8066
39	22	8308	0.26	8330
40	25	8162	0.31	8187
41	20	8262	0.24	8282
42	27	8034	0.33	8061
43	27	8087	0.33	8114
44	24	8092	0.30	8116
45	27	8031	0.34	8058
46	25	8041	0.31	8066
47	9	8034	0.11	8043
48	25	8091	0.31	8116
49	27	8278	0.33	8305
50	18	8272	0.22	8290
51	28	8087	0.35	8115
52	19	8062	0.24	8081
53	27	8142	0.33	8169
54	32	8076	0.39	8108
55	28	8013	0.35	8041
56	28	8120	0.34	8148
57	21	8103	0.26	8124
58	16	8030	0.20	8046
59	21	8116	0.26	8137
60	19	8009	0.24	8028
61	22	7985	0.27	8007
62	24	8173	0.29	8197
63	28	8036	0.35	8064
64	30	8168	0.37	8198
65	26	8059	0.32	8085
66	27	8109	0.33	8136
67	19	8015	0.24	8034
68	20	8066	0.25	8086
69	26	8122	0.32	8148
70	24	8073	0.30	8097
71	30	8250	0.36	8280
72	28	8095	0.34	8123
73	28	8119	0.34	8147
74	25	8163	0.31	8188
75	27	8030	0.34	8057
76	20	8054	0.25	8074
77	27	7996	0.34	8023
78	29	8018	0.36	8047
79	18	7813	0.23	7831
80	28	7151	0.39	7179
81	15	4810	0.31	4825

CpG context (R2)
================
position	count methylated	count unmethylated	% methylation	coverage
1	414	119	77.67	533
2	417	113	78.68	530
3	466	95	83.07	561
4	449	85	84.08	534
5	478	76	86.28	554
6	431	73	85.52	504
7	444	85	83.93	529
8	467	77	85.85	544
9	466	68	87.27	534
10	487	86	84.99	573
11	452	85	84.17	537
12	498	82	85.86	580
13	444	71	86.21	515
14	499	69	87.85	568
15	442	89	83.24	531
16	399	75	84.18	474
17	439	92	82.67	531
18	413	90	82.11	503
19	436	77	84.99	513
20	423	87	82.94	510
21	420	96	81.40	516
22	440	79	84.78	519
23	385	84	82.09	469
24	437	63	87.40	500
25	430	89	82.85	519
26	397	83	82.71	480
27	405	76	84.20	481
28	386	70	84.65	456
29	403	74	84.49	477
30	364	69	84.06	433
31	403	71	85.02	474
32	403	100	80.12	503
33	365	84	81.29	449
34	373	68	84.58	441
35	374	78	82.74	452
36	360	88	80.36	448
37	356	85	80.73	441
38	344	88	79.63	432
39	342	95	78.26	437
40	374	79	82.56	453
41	380	91	80.68	471
42	373	58	86.54	431
43	371	71	83.94	442
44	345	77	81.75	422
45	389	95	80.37	484
46	361	66	84.54	427
47	373	64	85.35	437
48	316	76	80.61	392
49	332	72	82.18	404
50	337	81	80.62	418
51	348	77	81.88	425
52	302	75	80.11	377
53	326	65	83.38	391
54	341	64	84.20	405
55	340	69	83.13	409
56	339	53	86.48	392
57	321	65	83.16	386
58	296	66	81.77	362
59	313	72	81.30	385
60	273	59	82.23	332
61	287	59	82.95	346
62	287	59	82.95	346
63	293	79	78.76	372
64	254	70	78.40	324
65	268	60	81.71	328
66	274	50	84.57	324
67	236	54	81.38	290
68	235	51	82.17	286
69	270	57	82.57	327
70	215	64	77.06	279
71	213	54	79.78	267
72	220	61	78.29	281
73	220	53	80.59	273
74	180	56	76.27	236
75	216	51	80.90	267
76	187	44	80.95	231
77	212	50	80.92	262
78	185	41	81.86	226
79	188	48	79.66	236
80	195	23	89.45	218
81	97	21	82.20	118

CHG context (R2)
================
position	count methylated	count unmethylated	% methylation	coverage
1	278	2189	11.27	2467
2	148	2314	6.01	2462
3	64	2259	2.76	2323
4	34	2324	1.44	2358
5	16	2307	0.69	2323
6	4	2369	0.17	2373
7	10	2212	0.45	2222
8	10	2323	0.43	2333
9	4	2395	0.17	2399
10	8	2300	0.35	2308
11	9	2259	0.40	2268
12	9	2290	0.39	2299
13	7	2323	0.30	2330
14	9	2344	0.38	2353
15	7	2276	0.31	2283
16	11	2295	0.48	2306
17	13	2278	0.57	2291
18	4	2249	0.18	2253
19	9	2273	0.39	2282
20	3	2240	0.13	2243
21	2	2238	0.09	2240
22	9	2207	0.41	2216
23	10	2215	0.45	2225
24	6	2245	0.27	2251
25	6	2252	0.27	2258
26	10	2280	0.44	2290
27	6	2262	0.26	2268
28	5	2252	0.22	2257
29	10	2200	0.45	2210
30	3	2323	0.13	2326
31	13	2146	0.60	2159
32	4	2147	0.19	2151
33	7	2207	0.32	2214
34	10	2183	0.46	2193
35	18	2106	0.85	2124
36	6	2085	0.29	2091
37	9	2031	0.44	2040
38	5	2115	0.24	2120
39	3	2093	0.14	2096
40	4	1996	0.20	2000
41	5	1971	0.25	1976
42	11	2102	0.52	2113
43	3	2141	0.14	2144
44	2	2071	0.10	2073
45	12	2018	0.59	2030
46	11	2072	0.53	2083
47	7	1928	0.36	1935
48	4	1979	0.20	1983
49	2	1940	0.10	1942
50	7	2013	0.35	2020
51	10	1917	0.52	1927
52	7	1853	0.38	1860
53	3	1868	0.16	1871
54	9	1827	0.49	1836
55	9	1824	0.49	1833
56	6	1833	0.33	1839
57	3	1769	0.17	1772
58	5	1704	0.29	1709
59	12	1737	0.69	1749
60	6	1687	0.35	1693
61	5	1703	0.29	1708
62	6	1731	0.35	1737
63	4	1629	0.24	1633
64	7	1598	0.44	1605
65	6	1574	0.38	1580
66	4	1482	0.27	1486
67	4	1529	0.26	1533
68	5	1435	0.35	1440
69	5	1479	0.34	1484
70	3	1359	0.22	1362
71	8	1336	0.60	1344
72	1	1347	0.07	1348
73	7	1276	0.55	1283
74	4	1267	0.31	1271
75	10	1119	0.89	1129
76	4	1108	0.36	1112
77	6	1090	0.55	1096
78	7	1021	0.68	1028
79	6	999	0.60	1005
80	4	905	0.44	909
81	2	472	0.42	474

CHH context (R2)
================
position	count methylated	count unmethylated	% methylation	coverage
1	1018	7731	11.64	8749
2	669	8076	7.65	8745
3	414	8038	4.90	8452
4	238	7955	2.90	8193
5	119	8028	1.46	8147
6	67	8070	0.82	8137
7	43	7987	0.54	8030
8	39	8146	0.48	8185
9	37	8249	0.45	8286
10	26	8106	0.32	8132
11	27	8088	0.33	8115
12	35	7845	0.44	7880
13	22	7907	0.28	7929
14	27	7685	0.35	7712
15	27	7604	0.35	7631
16	30	7703	0.39	7733
17	19	7837	0.24	7856
18	31	7867	0.39	7898
19	27	7909	0.34	7936
20	28	7845	0.36	7873
21	24	7672	0.31	7696
22	26	7813	0.33	7839
23	26	7611	0.34	7637
24	20	7560	0.26	7580
25	30	7482	0.40	7512
26	26	7646	0.34	7672
27	16	7520	0.21	7536
28	22	7546	0.29	7568
29	31	7480	0.41	7511
30	24	7587	0.32	7611
31	33	7515	0.44	7548
32	16	7459	0.21	7475
33	25	7508	0.33	7533
34	26	7448	0.35	7474
35	25	7487	0.33	7512
36	27	7488	0.36	7515
37	23	7344	0.31	7367
38	20	7355	0.27	7375
39	22	7307	0.30	7329
40	31	7376	0.42	7407
41	19	7259	0.26	7278
42	25	7201	0.35	7226
43	25	7484	0.33	7509
44	23	7159	0.32	7182
45	23	7147	0.32	7170
46	20	7197	0.28	7217
47	24	6946	0.34	6970
48	21	6913	0.30	6934
49	22	6884	0.32	6906
50	18	6782	0.26	6800
51	22	6797	0.32	6819
52	20	6734	0.30	6754
53	23	6602	0.35	6625
54	19	6525	0.29	6544
55	26	6446	0.40	6472
56	20	6259	0.32	6279
57	15	6185	0.24	6200
58	24	6123	0.39	6147
59	13	6093	0.21	6106
60	27	5994	0.45	6021
61	19	5965	0.32	5984
62	17	5796	0.29	5813
63	24	5713	0.42	5737
64	18	5730	0.31	5748
65	22	5546	0.40	5568
66	22	5375	0.41	5397
67	24	5282	0.45	5306
68	18	5195	0.35	5213
69	9	5122	0.18	5131
70	14	4888	0.29	4902
71	14	4720	0.30	4734
72	15	4583	0.33	4598
73	18	4545	0.39	4563
74	17	4367	0.39	4384
75	18	4268	0.42	4286
76	19	3993	0.47	4012
77	15	3904	0.38	3919
78	12	3645	0.33	3657
79	16	3533	0.45	3549
80	7	3310	0.21	3317
81	9	1649	0.54	1658

