CpG context (R1)
================
position	count methylated	count unmethylated	% methylation	coverage
1	374	93	80.09	467
2	368	92	80.00	460
3	394	93	80.90	487
4	425	91	82.36	516
5	431	110	79.67	541
6	442	112	79.78	554
7	425	104	80.34	529
8	427	83	83.73	510
9	418	84	83.27	502
10	416	101	80.46	517
11	459	90	83.61	549
12	469	89	84.05	558
13	470	114	80.48	584
14	458	107	81.06	565
15	477	105	81.96	582
16	444	88	83.46	532
17	448	96	82.35	544
18	434	105	80.52	539
19	398	107	78.81	505
20	420	85	83.17	505
21	440	107	80.44	547
22	429	82	83.95	511
23	436	96	81.95	532
24	383	90	80.97	473
25	414	111	78.86	525
26	439	84	83.94	523
27	460	100	82.14	560
28	446	108	80.51	554
29	407	102	79.96	509
30	462	102	81.91	564
31	454	110	80.50	564
32	451	93	82.90	544
33	397	89	81.69	486
34	414	109	79.16	523
35	408	98	80.63	506
36	432	96	81.82	528
37	421	115	78.54	536
38	427	95	81.80	522
39	401	113	78.02	514
40	397	101	79.72	498
41	410	90	82.00	500
42	418	87	82.77	505
43	411	105	79.65	516
44	483	96	83.42	579
45	399	99	80.12	498
46	416	102	80.31	518
47	396	95	80.65	491
48	371	120	75.56	491
49	434	98	81.58	532
50	424	116	78.52	540
51	422	102	80.53	524
52	399	99	80.12	498
53	405	112	78.34	517
54	417	108	79.43	525
55	399	107	78.85	506
56	370	117	75.98	487
57	415	103	80.12	518
58	394	97	80.24	491
59	419	104	80.11	523
60	418	110	79.17	528
61	430	94	82.06	524
62	453	96	82.51	549
63	379	116	76.57	495
64	392	101	79.51	493
65	387	98	79.79	485
66	385	98	79.71	483
67	387	105	78.66	492
68	391	99	79.80	490
69	405	97	80.68	502
70	434	120	78.34	554
71	449	109	80.47	558
72	392	88	81.67	480
73	388	116	76.98	504
74	397	94	80.86	491
75	423	110	79.36	533
76	371	128	74.35	499
77	385	112	77.46	497
78	417	93	81.76	510
79	411	100	80.43	511
80	428	108	79.85	536
81	398	102	79.60	500
82	401	124	76.38	525
83	453	122	78.78	575
84	404	98	80.48	502
85	377	112	77.10	489
86	413	89	82.27	502
87	443	97	82.04	540
88	384	105	78.53	489
89	410	116	77.95	526
90	425	112	79.14	537
91	419	104	80.11	523
92	352	88	80.00	440
93	261	68	79.33	329

CHG context (R1)
================
position	count methylated	count unmethylated	% methylation	coverage
1	7	1937	0.36	1944
2	2	2020	0.10	2022
3	5	2097	0.24	2102
4	3	2320	0.13	2323
5	6	2449	0.24	2455
6	9	2492	0.36	2501
7	3	2413	0.12	2416
8	4	2388	0.17	2392
9	5	2417	0.21	2422
10	6	2420	0.25	2426
11	13	2440	0.53	2453
12	6	2514	0.24	2520
13	9	2492	0.36	2501
14	5	2460	0.20	2465
15	4	2402	0.17	2406
16	8	2353	0.34	2361
17	2	2303	0.09	2305
18	4	2389	0.17	2393
19	6	2411	0.25	2417
20	4	2479	0.16	2483
21	8	2485	0.32	2493
22	9	2394	0.37	2403
23	7	2454	0.28	2461
24	4	2327	0.17	2331
25	4	2354	0.17	2358
26	4	2379	0.17	2383
27	5	2453	0.20	2458
28	4	2455	0.16	2459
29	8	2440	0.33	2448
30	7	2344	0.30	2351
31	4	2396	0.17	2400
32	2	2394	0.08	2396
33	4	2322	0.17	2326
34	7	2320	0.30	2327
35	4	2362	0.17	2366
36	5	2424	0.21	2429
37	3	2507	0.12	2510
38	4	2398	0.17	2402
39	7	2390	0.29	2397
40	5	2338	0.21	2343
41	7	2337	0.30	2344
42	4	2382	0.17	2386
43	6	2417	0.25	2423
44	5	2429	0.21	2434
45	4	2328	0.17	2332
46	8	2305	0.35	2313
47	7	2379	0.29	2386
48	9	2378	0.38	2387
49	8	2291	0.35	2299
50	9	2309	0.39	2318
51	13	2308	0.56	2321
52	3	2305	0.13	2308
53	6	2344	0.26	2350
54	6	2358	0.25	2364
55	5	2347	0.21	2352
56	6	2319	0.26	2325
57	11	2316	0.47	2327
58	10	2315	0.43	2325
59	5	2338	0.21	2343
60	3	2339	0.13	2342
61	10	2300	0.43	2310
62	4	2339	0.17	2343
63	3	2342	0.13	2345
64	7	2377	0.29	2384
65	3	2343	0.13	2346
66	6	2373	0.25	2379
67	6	2329	0.26	2335
68	6	2342	0.26	2348
69	8	2379	0.34	2387
70	3	2384	0.13	2387
71	6	2397	0.25	2403
72	7	2370	0.29	2377
73	8	2384	0.33	2392
74	10	2368	0.42	2378
75	5	2352	0.21	2357
76	6	2293	0.26	2299
77	5	2355	0.21	2360
78	11	2334	0.47	2345
79	5	2418	0.21	2423
80	8	2489	0.32	2497
81	13	2398	0.54	2411
82	6	2392	0.25	2398
83	6	2355	0.25	2361
84	7	2312	0.30	2319
85	8	2348	0.34	2356
86	6	2342	0.26	2348
87	6	2321	0.26	2327
88	7	2309	0.30	2316
89	15	2320	0.64	2335
90	12	2293	0.52	2305
91	11	2287	0.48	2298
92	15	2058	0.72	2073
93	8	1165	0.68	1173

CHH context (R1)
================
position	count methylated	count unmethylated	% methylation	coverage
1	9	6695	0.13	6704
2	12	6916	0.17	6928
3	16	6498	0.25	6514
4	8	6811	0.12	6819
5	16	7397	0.22	7413
6	15	7811	0.19	7826
7	19	7960	0.24	7979
8	14	8152	0.17	8166
9	21	8205	0.26	8226
10	17	8065	0.21	8082
11	19	8129	0.23	8148
12	21	8116	0.26	8137
13	17	8186	0.21	8203
14	16	8072	0.20	8088
15	11	8236	0.13	8247
16	20	8215	0.24	8235
17	17	8364	0.20	8381
18	18	8088	0.22	8106
19	18	8422	0.21	8440
20	20	8235	0.24	8255
21	13	8223	0.16	8236
22	20	8244	0.24	8264
23	17	8419	0.20	8436
24	27	8382	0.32	8409
25	18	8364	0.21	8382
26	18	8236	0.22	8254
27	22	8368	0.26	8390
28	13	8482	0.15	8495
29	15	8128	0.18	8143
30	23	8207	0.28	8230
31	16	8061	0.20	8077
32	17	8161	0.21	8178
33	18	8334	0.22	8352
34	7	8011	0.09	8018
35	29	8116	0.36	8145
36	22	8391	0.26	8413
37	15	8272	0.18	8287
38	24	8265	0.29	8289
39	14	8187	0.17	8201
40	23	8030	0.29	8053
41	16	7994	0.20	8010
42	14	7966	0.18	7980
43	11	8032	0.14	8043
44	28	8109	0.34	8137
45	22	8266	0.27	8288
46	16	8321	0.19	8337
47	21	8174	0.26	8195
48	22	8223	0.27	8245
49	22	8220	0.27	8242
50	26	8167	0.32	8193
51	16	8107	0.20	8123
52	15	8209	0.18	8224
53	16	8237	0.19	8253
54	21	8345	0.25	8366
55	22	8289	0.26	8311
56	13	8293	0.16	8306
57	24	8461	0.28	8485
58	20	8253	0.24	8273
59	17	8209	0.21	8226
60	22	8176	0.27	8198
61	26	8062	0.32	8088
62	23	8050	0.28	8073
63	27	8252	0.33	8279
64	29	8202	0.35	8231
65	21	8005	0.26	8026
66	20	7945	0.25	7965
67	25	8063	0.31	8088
68	29	8076	0.36	8105
69	27	7969	0.34	7996
70	13	8216	0.16	8229
71	30	8181	0.37	8211
72	26	7789	0.33	7815
73	28	7970	0.35	7998
74	35	7929	0.44	7964
75	30	8125	0.37	8155
76	26	8200	0.32	8226
77	21	8354	0.25	8375
78	25	8220	0.30	8245
79	23	8398	0.27	8421
80	22	8265	0.27	8287
81	23	8277	0.28	8300
82	21	7982	0.26	8003
83	29	8185	0.35	8214
84	26	8139	0.32	8165
85	40	8230	0.48	8270
86	33	8236	0.40	8269
87	24	8226	0.29	8250
88	24	8269	0.29	8293
89	38	8242	0.46	8280
90	34	7970	0.42	8004
91	29	7775	0.37	7804
92	37	7149	0.51	7186
93	36	4922	0.73	4958

CpG context (R2)
================
position	count methylated	count unmethylated	% methylation	coverage
1	458	120	79.24	578
2	426	88	82.88	514
3	401	86	82.34	487
4	427	97	81.49	524
5	461	105	81.45	566
6	488	97	83.42	585
7	441	98	81.82	539
8	490	96	83.62	586
9	483	116	80.63	599
10	445	95	82.41	540
11	443	101	81.43	544
12	445	92	82.87	537
13	442	85	83.87	527
14	474	107	81.58	581
15	432	106	80.30	538
16	457	89	83.70	546
17	423	111	79.21	534
18	414	84	83.13	498
19	352	114	75.54	466
20	402	89	81.87	491
21	429	106	80.19	535
22	419	91	82.16	510
23	399	91	81.43	490
24	385	80	82.80	465
25	411	103	79.96	514
26	384	108	78.05	492
27	395	107	78.69	502
28	412	90	82.07	502
29	386	94	80.42	480
30	416	88	82.54	504
31	419	105	79.96	524
32	374	93	80.09	467
33	351	101	77.65	452
34	345	103	77.01	448
35	362	89	80.27	451
36	368	99	78.80	467
37	367	71	83.79	438
38	324	83	79.61	407
39	367	101	78.42	468
40	331	80	80.54	411
41	370	92	80.09	462
42	315	95	76.83	410
43	356	77	82.22	433
44	334	95	77.86	429
45	321	82	79.65	403
46	307	81	79.12	388
47	316	76	80.61	392
48	326	84	79.51	410
49	296	90	76.68	386
50	326	79	80.49	405
51	281	78	78.27	359
52	314	89	77.92	403
53	287	82	77.78	369
54	283	70	80.17	353
55	261	85	75.43	346
56	288	78	78.69	366
57	282	82	77.47	364
58	289	66	81.41	355
59	248	73	77.26	321
60	249	73	77.33	322
61	240	72	76.92	312
62	221	59	78.93	280
63	221	59	78.93	280
64	196	66	74.81	262
65	208	69	75.09	277
66	214	58	78.68	272
67	189	60	75.90	249
68	177	54	76.62	231
69	180	46	79.65	226
70	153	51	75.00	204
71	177	61	74.37	238
72	164	45	78.47	209
73	173	51	77.23	224
74	146	36	80.22	182
75	127	40	76.05	167
76	122	27	81.88	149
77	87	25	77.68	112

CHG context (R2)
================
position	count methylated	count unmethylated	% methylation	coverage
1	98	2368	3.97	2466
2	71	2374	2.90	2445
3	27	2303	1.16	2330
4	10	2314	0.43	2324
5	9	2310	0.39	2319
6	2	2416	0.08	2418
7	7	2373	0.29	2380
8	3	2383	0.13	2386
9	6	2375	0.25	2381
10	7	2276	0.31	2283
11	11	2284	0.48	2295
12	2	2286	0.09	2288
13	3	2323	0.13	2326
14	8	2247	0.35	2255
15	7	2310	0.30	2317
16	4	2350	0.17	2354
17	7	2275	0.31	2282
18	7	2210	0.32	2217
19	3	2314	0.13	2317
20	7	2277	0.31	2284
21	4	2210	0.18	2214
22	8	2277	0.35	2285
23	8	2247	0.35	2255
24	4	2212	0.18	2216
25	6	2284	0.26	2290
26	6	2288	0.26	2294
27	5	2241	0.22	2246
28	9	2226	0.40	2235
29	6	2238	0.27	2244
30	4	2167	0.18	2171
31	6	2198	0.27	2204
32	6	2167	0.28	2173
33	4	2088	0.19	2092
34	6	2091	0.29	2097
35	7	2072	0.34	2079
36	1	2039	0.05	2040
37	3	2056	0.15	2059
38	4	2062	0.19	2066
39	5	2045	0.24	2050
40	3	2050	0.15	2053
41	5	2081	0.24	2086
42	4	1966	0.20	1970
43	3	1918	0.16	1921
44	5	1931	0.26	1936
45	2	1969	0.10	1971
46	5	1822	0.27	1827
47	1	1867	0.05	1868
48	6	1869	0.32	1875
49	4	1877	0.21	1881
50	2	1758	0.11	1760
51	4	1752	0.23	1756
52	6	1686	0.35	1692
53	8	1719	0.46	1727
54	3	1715	0.17	1718
55	3	1622	0.18	1625
56	1	1566	0.06	1567
57	5	1582	0.32	1587
58	3	1576	0.19	1579
59	5	1498	0.33	1503
60	7	1469	0.47	1476
61	4	1377	0.29	1381
62	4	1428	0.28	1432
63	3	1389	0.22	1392
64	1	1302	0.08	1303
65	4	1231	0.32	1235
66	3	1188	0.25	1191
67	4	1180	0.34	1184
68	6	1101	0.54	1107
69	5	1050	0.47	1055
70	1	1068	0.09	1069
71	1	1051	0.10	1052
72	4	994	0.40	998
73	3	931	0.32	934
74	1	864	0.12	865
75	4	838	0.48	842
76	1	765	0.13	766
77	1	414	0.24	415

CHH context (R2)
================
position	count methylated	count unmethylated	% methylation	coverage
1	370	7891	4.48	8261
2	222	7913	2.73	8135
3	153	7835	1.92	7988
4	87	7881	1.09	7968
5	54	7939	0.68	7993
6	38	7953	0.48	7991
7	17	8125	0.21	8142
8	24	8034	0.30	8058
9	19	7919	0.24	7938
10	22	7999	0.27	8021
11	11	7832	0.14	7843
12	22	7724	0.28	7746
13	23	7619	0.30	7642
14	19	7671	0.25	7690
15	12	7695	0.16	7707
16	12	7703	0.16	7715
17	15	7711	0.19	7726
18	15	7609	0.20	7624
19	19	7629	0.25	7648
20	17	7624	0.22	7641
21	13	7540	0.17	7553
22	17	7390	0.23	7407
23	18	7584	0.24	7602
24	23	7466	0.31	7489
25	21	7559	0.28	7580
26	18	7555	0.24	7573
27	15	7410	0.20	7425
28	17	7447	0.23	7464
29	17	7428	0.23	7445
30	16	7394	0.22	7410
31	17	7284	0.23	7301
32	25	7306	0.34	7331
33	24	7308	0.33	7332
34	6	7237	0.08	7243
35	20	7413	0.27	7433
36	12	7206	0.17	7218
37	15	7398	0.20	7413
38	11	7157	0.15	7168
39	17	7112	0.24	7129
40	15	7100	0.21	7115
41	11	7008	0.16	7019
42	16	7147	0.22	7163
43	13	6918	0.19	6931
44	14	6626	0.21	6640
45	8	6748	0.12	6756
46	21	6543	0.32	6564
47	19	6408	0.30	6427
48	16	6375	0.25	6391
49	17	6410	0.26	6427
50	10	6264	0.16	6274
51	15	6243	0.24	6258
52	12	6176	0.19	6188
53	19	6058	0.31	6077
54	12	5813	0.21	5825
55	9	5724	0.16	5733
56	7	5671	0.12	5678
57	13	5440	0.24	5453
58	9	5429	0.17	5438
59	10	5196	0.19	5206
60	5	5089	0.10	5094
61	19	4982	0.38	5001
62	11	4919	0.22	4930
63	14	4788	0.29	4802
64	11	4572	0.24	4583
65	7	4489	0.16	4496
66	11	4264	0.26	4275
67	9	4049	0.22	4058
68	7	3912	0.18	3919
69	6	3680	0.16	3686
70	5	3624	0.14	3629
71	7	3417	0.20	3424
72	8	3304	0.24	3312
73	9	3215	0.28	3224
74	8	3005	0.27	3013
75	7	2939	0.24	2946
76	4	2721	0.15	2725
77	3	1353	0.22	1356

