CpG context (R1)
================
position	count methylated	count unmethylated	% methylation	coverage
1	458	109	80.78	567
2	477	90	84.13	567
3	418	81	83.77	499
4	475	95	83.33	570
5	523	104	83.41	627
6	473	94	83.42	567
7	435	85	83.65	520
8	430	98	81.44	528
9	454	105	81.22	559
10	493	99	83.28	592
11	457	86	84.16	543
12	419	98	81.04	517
13	517	103	83.39	620
14	446	97	82.14	543
15	480	100	82.76	580
16	438	81	84.39	519
17	459	107	81.10	566
18	479	97	83.16	576
19	451	90	83.36	541
20	459	96	82.70	555
21	450	95	82.57	545
22	510	98	83.88	608
23	469	88	84.20	557
24	474	82	85.25	556
25	510	92	84.72	602
26	445	95	82.41	540
27	421	91	82.23	512
28	459	85	84.38	544
29	502	111	81.89	613
30	458	96	82.67	554
31	462	81	85.08	543
32	455	91	83.33	546
33	438	102	81.11	540
34	445	67	86.91	512
35	431	93	82.25	524
36	425	81	83.99	506
37	454	105	81.22	559
38	479	113	80.91	592
39	467	108	81.22	575
40	439	100	81.45	539
41	430	104	80.52	534
42	441	89	83.21	530
43	429	92	82.34	521
44	447	103	81.27	550
45	431	110	79.67	541
46	453	94	82.82	547
47	420	106	79.85	526
48	465	93	83.33	558
49	433	94	82.16	527
50	437	102	81.08	539
51	429	115	78.86	544
52	438	88	83.27	526
53	421	104	80.19	525
54	442	96	82.16	538
55	437	98	81.68	535
56	443	86	83.74	529
57	423	84	83.43	507
58	437	93	82.45	530
59	449	111	80.18	560
60	413	103	80.04	516
61	446	101	81.54	547
62	388	95	80.33	483
63	480	92	83.92	572
64	450	122	78.67	572
65	446	92	82.90	538
66	466	117	79.93	583
67	422	90	82.42	512
68	422	116	78.44	538
69	438	101	81.26	539
70	484	111	81.34	595
71	415	112	78.75	527
72	410	102	80.08	512
73	428	91	82.47	519
74	439	126	77.70	565
75	417	102	80.35	519
76	450	116	79.51	566
77	461	102	81.88	563
78	431	68	86.37	499
79	433	97	81.70	530
80	400	94	80.97	494
81	280	54	83.83	334

CHG context (R1)
================
position	count methylated	count unmethylated	% methylation	coverage
1	7	2399	0.29	2406
2	14	2437	0.57	2451
3	10	2445	0.41	2455
4	14	2430	0.57	2444
5	13	2439	0.53	2452
6	10	2565	0.39	2575
7	7	2514	0.28	2521
8	10	2465	0.40	2475
9	12	2489	0.48	2501
10	12	2397	0.50	2409
11	11	2375	0.46	2386
12	10	2475	0.40	2485
13	10	2440	0.41	2450
14	13	2493	0.52	2506
15	9	2496	0.36	2505
16	11	2411	0.45	2422
17	19	2555	0.74	2574
18	16	2470	0.64	2486
19	9	2410	0.37	2419
20	8	2498	0.32	2506
21	15	2441	0.61	2456
22	5	2454	0.20	2459
23	13	2533	0.51	2546
24	13	2537	0.51	2550
25	17	2499	0.68	2516
26	7	2458	0.28	2465
27	7	2374	0.29	2381
28	14	2407	0.58	2421
29	10	2512	0.40	2522
30	7	2432	0.29	2439
31	11	2458	0.45	2469
32	13	2454	0.53	2467
33	10	2494	0.40	2504
34	12	2459	0.49	2471
35	12	2464	0.48	2476
36	12	2403	0.50	2415
37	8	2526	0.32	2534
38	9	2408	0.37	2417
39	8	2441	0.33	2449
40	9	2512	0.36	2521
41	10	2556	0.39	2566
42	14	2419	0.58	2433
43	9	2368	0.38	2377
44	10	2430	0.41	2440
45	17	2442	0.69	2459
46	8	2480	0.32	2488
47	7	2373	0.29	2380
48	15	2400	0.62	2415
49	6	2392	0.25	2398
50	9	2453	0.37	2462
51	5	2339	0.21	2344
52	10	2366	0.42	2376
53	9	2480	0.36	2489
54	8	2416	0.33	2424
55	8	2473	0.32	2481
56	9	2442	0.37	2451
57	13	2447	0.53	2460
58	9	2499	0.36	2508
59	11	2310	0.47	2321
60	7	2369	0.29	2376
61	16	2388	0.67	2404
62	9	2394	0.37	2403
63	14	2477	0.56	2491
64	11	2495	0.44	2506
65	16	2420	0.66	2436
66	9	2557	0.35	2566
67	11	2370	0.46	2381
68	10	2409	0.41	2419
69	12	2431	0.49	2443
70	13	2395	0.54	2408
71	9	2453	0.37	2462
72	9	2438	0.37	2447
73	16	2565	0.62	2581
74	14	2488	0.56	2502
75	19	2520	0.75	2539
76	13	2504	0.52	2517
77	16	2392	0.66	2408
78	10	2477	0.40	2487
79	4	2359	0.17	2363
80	6	2091	0.29	2097
81	4	1315	0.30	1319

CHH context (R1)
================
position	count methylated	count unmethylated	% methylation	coverage
1	46	8635	0.53	8681
2	39	8558	0.45	8597
3	36	8726	0.41	8762
4	35	8487	0.41	8522
5	41	8552	0.48	8593
6	44	8325	0.53	8369
7	43	8556	0.50	8599
8	33	8670	0.38	8703
9	51	8583	0.59	8634
10	38	8624	0.44	8662
11	45	8746	0.51	8791
12	38	8663	0.44	8701
13	30	8733	0.34	8763
14	33	8534	0.39	8567
15	35	8580	0.41	8615
16	40	8744	0.46	8784
17	36	8638	0.42	8674
18	40	8614	0.46	8654
19	46	8790	0.52	8836
20	37	8851	0.42	8888
21	46	8785	0.52	8831
22	38	8698	0.43	8736
23	35	8529	0.41	8564
24	32	8472	0.38	8504
25	39	8634	0.45	8673
26	37	8435	0.44	8472
27	35	8519	0.41	8554
28	35	8533	0.41	8568
29	44	8640	0.51	8684
30	33	8635	0.38	8668
31	48	8542	0.56	8590
32	30	8495	0.35	8525
33	39	8222	0.47	8261
34	30	8263	0.36	8293
35	42	8269	0.51	8311
36	45	8227	0.54	8272
37	39	8345	0.47	8384
38	41	8539	0.48	8580
39	36	8626	0.42	8662
40	37	8677	0.42	8714
41	33	8621	0.38	8654
42	37	8568	0.43	8605
43	44	8504	0.51	8548
44	40	8435	0.47	8475
45	41	8406	0.49	8447
46	39	8483	0.46	8522
47	42	8390	0.50	8432
48	38	8583	0.44	8621
49	28	8556	0.33	8584
50	31	8497	0.36	8528
51	34	8635	0.39	8669
52	38	8490	0.45	8528
53	35	8565	0.41	8600
54	37	8466	0.44	8503
55	44	8361	0.52	8405
56	41	8761	0.47	8802
57	40	8464	0.47	8504
58	33	8522	0.39	8555
59	34	8573	0.40	8607
60	38	8314	0.45	8352
61	35	8504	0.41	8539
62	44	8353	0.52	8397
63	33	8457	0.39	8490
64	38	8393	0.45	8431
65	34	8499	0.40	8533
66	31	8280	0.37	8311
67	36	8347	0.43	8383
68	33	8502	0.39	8535
69	35	8527	0.41	8562
70	33	8526	0.39	8559
71	40	8661	0.46	8701
72	39	8652	0.45	8691
73	39	8725	0.45	8764
74	47	8722	0.54	8769
75	38	8619	0.44	8657
76	29	8448	0.34	8477
77	34	8408	0.40	8442
78	54	8446	0.64	8500
79	43	8216	0.52	8259
80	40	7650	0.52	7690
81	21	5210	0.40	5231

CpG context (R2)
================
position	count methylated	count unmethylated	% methylation	coverage
1	420	139	75.13	559
2	430	135	76.11	565
3	437	111	79.74	548
4	396	96	80.49	492
5	466	98	82.62	564
6	463	97	82.68	560
7	488	99	83.13	587
8	472	89	84.14	561
9	472	82	85.20	554
10	513	111	82.21	624
11	499	105	82.62	604
12	490	94	83.90	584
13	511	115	81.63	626
14	538	100	84.33	638
15	495	91	84.47	586
16	494	87	85.03	581
17	430	88	83.01	518
18	484	98	83.16	582
19	464	98	82.56	562
20	500	92	84.46	592
21	450	93	82.87	543
22	468	101	82.25	569
23	433	100	81.24	533
24	505	100	83.47	605
25	421	104	80.19	525
26	443	97	82.04	540
27	450	87	83.80	537
28	425	88	82.85	513
29	423	111	79.21	534
30	433	88	83.11	521
31	408	97	80.79	505
32	454	88	83.76	542
33	441	105	80.77	546
34	438	74	85.55	512
35	436	90	82.89	526
36	380	77	83.15	457
37	424	75	84.97	499
38	415	92	81.85	507
39	413	72	85.15	485
40	421	82	83.70	503
41	433	99	81.39	532
42	420	88	82.68	508
43	414	95	81.34	509
44	410	100	80.39	510
45	394	95	80.57	489
46	392	112	77.78	504
47	376	84	81.74	460
48	413	104	79.88	517
49	395	92	81.11	487
50	402	94	81.05	496
51	378	87	81.29	465
52	368	95	79.48	463
53	341	92	78.75	433
54	334	84	79.90	418
55	344	97	78.00	441
56	364	82	81.61	446
57	411	88	82.36	499
58	342	89	79.35	431
59	381	80	82.65	461
60	374	73	83.67	447
61	337	70	82.80	407
62	336	74	81.95	410
63	343	79	81.28	422
64	328	91	78.28	419
65	299	78	79.31	377
66	311	73	80.99	384
67	274	76	78.29	350
68	296	72	80.43	368
69	267	69	79.46	336
70	264	63	80.73	327
71	283	79	78.18	362
72	241	64	79.02	305
73	256	69	78.77	325
74	258	52	83.23	310
75	248	70	77.99	318
76	249	53	82.45	302
77	220	50	81.48	270
78	219	61	78.21	280
79	204	53	79.38	257
80	190	53	78.19	243
81	116	30	79.45	146

CHG context (R2)
================
position	count methylated	count unmethylated	% methylation	coverage
1	171	2513	6.37	2684
2	118	2451	4.59	2569
3	51	2400	2.08	2451
4	22	2457	0.89	2479
5	12	2475	0.48	2487
6	12	2447	0.49	2459
7	11	2491	0.44	2502
8	16	2551	0.62	2567
9	7	2401	0.29	2408
10	9	2495	0.36	2504
11	12	2485	0.48	2497
12	13	2423	0.53	2436
13	9	2552	0.35	2561
14	17	2439	0.69	2456
15	11	2466	0.44	2477
16	10	2569	0.39	2579
17	10	2478	0.40	2488
18	11	2453	0.45	2464
19	8	2395	0.33	2403
20	15	2369	0.63	2384
21	17	2337	0.72	2354
22	12	2452	0.49	2464
23	9	2335	0.38	2344
24	6	2477	0.24	2483
25	6	2461	0.24	2467
26	11	2475	0.44	2486
27	11	2387	0.46	2398
28	14	2394	0.58	2408
29	11	2422	0.45	2433
30	11	2401	0.46	2412
31	8	2426	0.33	2434
32	15	2386	0.62	2401
33	10	2296	0.43	2306
34	10	2361	0.42	2371
35	7	2331	0.30	2338
36	11	2323	0.47	2334
37	13	2256	0.57	2269
38	7	2333	0.30	2340
39	8	2290	0.35	2298
40	7	2289	0.30	2296
41	11	2305	0.47	2316
42	7	2352	0.30	2359
43	11	2153	0.51	2164
44	7	2282	0.31	2289
45	12	2173	0.55	2185
46	12	2145	0.56	2157
47	4	2198	0.18	2202
48	10	2091	0.48	2101
49	8	2111	0.38	2119
50	10	2164	0.46	2174
51	12	2152	0.55	2164
52	12	2030	0.59	2042
53	8	2138	0.37	2146
54	11	2031	0.54	2042
55	11	1979	0.55	1990
56	4	1953	0.20	1957
57	9	1941	0.46	1950
58	11	1957	0.56	1968
59	13	1884	0.69	1897
60	13	1938	0.67	1951
61	8	1826	0.44	1834
62	5	1854	0.27	1859
63	10	1771	0.56	1781
64	6	1830	0.33	1836
65	12	1739	0.69	1751
66	10	1771	0.56	1781
67	7	1801	0.39	1808
68	3	1634	0.18	1637
69	6	1651	0.36	1657
70	5	1572	0.32	1577
71	11	1557	0.70	1568
72	6	1493	0.40	1499
73	8	1383	0.58	1391
74	9	1400	0.64	1409
75	4	1365	0.29	1369
76	7	1355	0.51	1362
77	8	1274	0.62	1282
78	8	1342	0.59	1350
79	5	1256	0.40	1261
80	9	1121	0.80	1130
81	4	571	0.70	575

CHH context (R2)
================
position	count methylated	count unmethylated	% methylation	coverage
1	691	8526	7.50	9217
2	507	8833	5.43	9340
3	307	8624	3.44	8931
4	183	8654	2.07	8837
5	131	8311	1.55	8442
6	89	8619	1.02	8708
7	68	8601	0.78	8669
8	49	8583	0.57	8632
9	52	8505	0.61	8557
10	45	8702	0.51	8747
11	35	8483	0.41	8518
12	44	8397	0.52	8441
13	26	8349	0.31	8375
14	34	8315	0.41	8349
15	35	8311	0.42	8346
16	36	8293	0.43	8329
17	39	8428	0.46	8467
18	35	8206	0.42	8241
19	43	8389	0.51	8432
20	39	8195	0.47	8234
21	41	8372	0.49	8413
22	31	8297	0.37	8328
23	32	8191	0.39	8223
24	40	8098	0.49	8138
25	30	8264	0.36	8294
26	26	8165	0.32	8191
27	30	8236	0.36	8266
28	36	8120	0.44	8156
29	36	8013	0.45	8049
30	30	8141	0.37	8171
31	40	8122	0.49	8162
32	44	8061	0.54	8105
33	41	8131	0.50	8172
34	36	8096	0.44	8132
35	39	8097	0.48	8136
36	30	8080	0.37	8110
37	44	8036	0.54	8080
38	44	7862	0.56	7906
39	38	8027	0.47	8065
40	31	8036	0.38	8067
41	31	8145	0.38	8176
42	38	7939	0.48	7977
43	31	7887	0.39	7918
44	39	7883	0.49	7922
45	35	7848	0.44	7883
46	29	7635	0.38	7664
47	35	7644	0.46	7679
48	36	7615	0.47	7651
49	31	7644	0.40	7675
50	31	7525	0.41	7556
51	34	7471	0.45	7505
52	27	7497	0.36	7524
53	29	7407	0.39	7436
54	25	7308	0.34	7333
55	33	7175	0.46	7208
56	31	7031	0.44	7062
57	33	6923	0.47	6956
58	30	6856	0.44	6886
59	25	6800	0.37	6825
60	34	6936	0.49	6970
61	31	6595	0.47	6626
62	40	6480	0.61	6520
63	23	6353	0.36	6376
64	28	6353	0.44	6381
65	33	6025	0.54	6058
66	24	6044	0.40	6068
67	27	6031	0.45	6058
68	38	5862	0.64	5900
69	39	5820	0.67	5859
70	28	5756	0.48	5784
71	27	5472	0.49	5499
72	27	5315	0.51	5342
73	21	5128	0.41	5149
74	29	4878	0.59	4907
75	20	4897	0.41	4917
76	24	4709	0.51	4733
77	28	4676	0.60	4704
78	17	4416	0.38	4433
79	14	4260	0.33	4274
80	20	4114	0.48	4134
81	14	1976	0.70	1990

