CpG context (R1)
================
position	count methylated	count unmethylated	% methylation	coverage
1	358	98	78.51	456
2	311	77	80.15	388
3	334	93	78.22	427
4	363	92	79.78	455
5	441	82	84.32	523
6	445	89	83.33	534
7	410	114	78.24	524
8	368	90	80.35	458
9	467	85	84.60	552
10	447	104	81.13	551
11	466	97	82.77	563
12	513	82	86.22	595
13	448	106	80.87	554
14	466	104	81.75	570
15	467	86	84.45	553
16	433	102	80.93	535
17	450	103	81.37	553
18	435	98	81.61	533
19	448	88	83.58	536
20	461	85	84.43	546
21	465	105	81.58	570
22	412	113	78.48	525
23	407	88	82.22	495
24	452	103	81.44	555
25	423	106	79.96	529
26	427	93	82.12	520
27	438	98	81.72	536
28	439	93	82.52	532
29	443	81	84.54	524
30	436	101	81.19	537
31	439	117	78.96	556
32	397	102	79.56	499
33	375	95	79.79	470
34	413	106	79.58	519
35	436	102	81.04	538
36	455	112	80.25	567
37	410	98	80.71	508
38	413	101	80.35	514
39	417	102	80.35	519
40	394	92	81.07	486
41	408	102	80.00	510
42	405	90	81.82	495
43	380	95	80.00	475
44	450	112	80.07	562
45	445	116	79.32	561
46	437	138	76.00	575
47	407	86	82.56	493
48	434	108	80.07	542
49	418	112	78.87	530
50	380	84	81.90	464
51	431	105	80.41	536
52	419	120	77.74	539
53	397	90	81.52	487
54	401	106	79.09	507
55	424	98	81.23	522
56	432	103	80.75	535
57	420	125	77.06	545
58	387	107	78.34	494
59	400	115	77.67	515
60	413	95	81.30	508
61	426	103	80.53	529
62	430	91	82.53	521
63	403	97	80.60	500
64	411	108	79.19	519
65	376	87	81.21	463
66	406	105	79.45	511
67	399	90	81.60	489
68	400	119	77.07	519
69	399	107	78.85	506
70	386	113	77.35	499
71	408	101	80.16	509
72	404	103	79.68	507
73	385	127	75.20	512
74	430	110	79.63	540
75	424	125	77.23	549
76	431	112	79.37	543
77	447	109	80.40	556
78	422	115	78.58	537
79	414	114	78.41	528
80	424	122	77.66	546
81	397	91	81.35	488
82	427	108	79.81	535
83	398	111	78.19	509
84	421	121	77.68	542
85	449	119	79.05	568
86	424	122	77.66	546
87	455	105	81.25	560
88	415	96	81.21	511
89	417	114	78.53	531
90	400	112	78.12	512
91	408	88	82.26	496
92	358	87	80.45	445
93	268	74	78.36	342

CHG context (R1)
================
position	count methylated	count unmethylated	% methylation	coverage
1	4	2074	0.19	2078
2	4	2057	0.19	2061
3	3	2111	0.14	2114
4	3	2400	0.12	2403
5	7	2357	0.30	2364
6	7	2513	0.28	2520
7	3	2421	0.12	2424
8	7	2368	0.29	2375
9	11	2371	0.46	2382
10	8	2294	0.35	2302
11	3	2488	0.12	2491
12	4	2520	0.16	2524
13	8	2382	0.33	2390
14	4	2491	0.16	2495
15	1	2492	0.04	2493
16	8	2299	0.35	2307
17	3	2395	0.13	2398
18	4	2387	0.17	2391
19	6	2453	0.24	2459
20	8	2573	0.31	2581
21	4	2465	0.16	2469
22	3	2480	0.12	2483
23	5	2445	0.20	2450
24	4	2471	0.16	2475
25	2	2292	0.09	2294
26	4	2475	0.16	2479
27	3	2478	0.12	2481
28	5	2478	0.20	2483
29	4	2430	0.16	2434
30	7	2466	0.28	2473
31	7	2453	0.28	2460
32	2	2419	0.08	2421
33	9	2326	0.39	2335
34	5	2455	0.20	2460
35	2	2443	0.08	2445
36	10	2480	0.40	2490
37	8	2448	0.33	2456
38	7	2483	0.28	2490
39	3	2418	0.12	2421
40	6	2447	0.24	2453
41	7	2401	0.29	2408
42	6	2452	0.24	2458
43	7	2400	0.29	2407
44	9	2549	0.35	2558
45	6	2484	0.24	2490
46	9	2331	0.38	2340
47	10	2419	0.41	2429
48	7	2432	0.29	2439
49	6	2377	0.25	2383
50	7	2370	0.29	2377
51	11	2454	0.45	2465
52	2	2445	0.08	2447
53	6	2323	0.26	2329
54	7	2396	0.29	2403
55	8	2500	0.32	2508
56	10	2355	0.42	2365
57	10	2423	0.41	2433
58	6	2272	0.26	2278
59	7	2436	0.29	2443
60	8	2468	0.32	2476
61	6	2464	0.24	2470
62	6	2408	0.25	2414
63	7	2488	0.28	2495
64	9	2389	0.38	2398
65	5	2377	0.21	2382
66	5	2240	0.22	2245
67	7	2382	0.29	2389
68	5	2421	0.21	2426
69	4	2336	0.17	2340
70	17	2446	0.69	2463
71	6	2477	0.24	2483
72	9	2384	0.38	2393
73	4	2363	0.17	2367
74	10	2437	0.41	2447
75	6	2427	0.25	2433
76	5	2464	0.20	2469
77	9	2435	0.37	2444
78	9	2419	0.37	2428
79	8	2473	0.32	2481
80	10	2455	0.41	2465
81	8	2524	0.32	2532
82	2	2468	0.08	2470
83	13	2393	0.54	2406
84	10	2515	0.40	2525
85	7	2337	0.30	2344
86	13	2370	0.55	2383
87	8	2428	0.33	2436
88	10	2451	0.41	2461
89	14	2503	0.56	2517
90	13	2425	0.53	2438
91	12	2269	0.53	2281
92	11	2031	0.54	2042
93	12	1301	0.91	1313

CHH context (R1)
================
position	count methylated	count unmethylated	% methylation	coverage
1	15	6750	0.22	6765
2	10	7095	0.14	7105
3	12	6745	0.18	6757
4	15	6973	0.21	6988
5	13	7544	0.17	7557
6	15	7929	0.19	7944
7	17	8386	0.20	8403
8	16	8233	0.19	8249
9	20	8207	0.24	8227
10	23	8309	0.28	8332
11	15	7967	0.19	7982
12	16	8187	0.20	8203
13	19	8348	0.23	8367
14	19	8284	0.23	8303
15	19	8405	0.23	8424
16	19	8313	0.23	8332
17	27	8525	0.32	8552
18	15	8467	0.18	8482
19	22	8466	0.26	8488
20	16	8421	0.19	8437
21	13	8494	0.15	8507
22	23	8374	0.27	8397
23	18	8645	0.21	8663
24	23	8603	0.27	8626
25	13	8822	0.15	8835
26	18	8672	0.21	8690
27	18	8680	0.21	8698
28	20	8519	0.23	8539
29	15	8522	0.18	8537
30	21	8399	0.25	8420
31	22	8394	0.26	8416
32	18	8179	0.22	8197
33	27	8294	0.32	8321
34	17	8304	0.20	8321
35	22	8411	0.26	8433
36	22	8339	0.26	8361
37	20	8540	0.23	8560
38	19	8433	0.22	8452
39	21	8287	0.25	8308
40	16	8152	0.20	8168
41	19	8041	0.24	8060
42	13	7992	0.16	8005
43	17	8231	0.21	8248
44	16	8284	0.19	8300
45	16	8401	0.19	8417
46	22	8430	0.26	8452
47	29	8554	0.34	8583
48	11	8325	0.13	8336
49	13	8293	0.16	8306
50	14	8352	0.17	8366
51	15	8324	0.18	8339
52	22	8254	0.27	8276
53	23	8410	0.27	8433
54	23	8479	0.27	8502
55	24	8464	0.28	8488
56	22	8547	0.26	8569
57	27	8612	0.31	8639
58	18	8624	0.21	8642
59	26	8469	0.31	8495
60	16	8154	0.20	8170
61	17	8366	0.20	8383
62	24	8355	0.29	8379
63	17	8270	0.21	8287
64	18	8066	0.22	8084
65	23	8351	0.27	8374
66	24	8227	0.29	8251
67	23	8210	0.28	8233
68	30	8317	0.36	8347
69	38	8390	0.45	8428
70	21	8328	0.25	8349
71	26	8249	0.31	8275
72	17	8177	0.21	8194
73	22	8157	0.27	8179
74	25	8284	0.30	8309
75	26	8268	0.31	8294
76	34	8547	0.40	8581
77	30	8546	0.35	8576
78	32	8488	0.38	8520
79	31	8578	0.36	8609
80	26	8440	0.31	8466
81	43	8357	0.51	8400
82	32	8210	0.39	8242
83	41	8207	0.50	8248
84	29	8319	0.35	8348
85	30	8298	0.36	8328
86	44	8320	0.53	8364
87	50	8545	0.58	8595
88	40	8400	0.47	8440
89	46	8311	0.55	8357
90	39	8249	0.47	8288
91	67	8001	0.83	8068
92	59	7303	0.80	7362
93	40	5124	0.77	5164

CpG context (R2)
================
position	count methylated	count unmethylated	% methylation	coverage
1	459	96	82.70	555
2	405	111	78.49	516
3	408	102	80.00	510
4	441	62	87.67	503
5	427	90	82.59	517
6	441	102	81.22	543
7	458	112	80.35	570
8	455	95	82.73	550
9	425	98	81.26	523
10	457	109	80.74	566
11	471	80	85.48	551
12	469	79	85.58	548
13	432	97	81.66	529
14	432	86	83.40	518
15	413	104	79.88	517
16	427	86	83.24	513
17	458	91	83.42	549
18	451	102	81.56	553
19	417	97	81.13	514
20	441	111	79.89	552
21	404	89	81.95	493
22	433	86	83.43	519
23	374	80	82.38	454
24	407	104	79.65	511
25	387	94	80.46	481
26	391	94	80.62	485
27	394	89	81.57	483
28	417	85	83.07	502
29	349	96	78.43	445
30	388	109	78.07	497
31	367	81	81.92	448
32	383	76	83.44	459
33	371	91	80.30	462
34	361	105	77.47	466
35	366	100	78.54	466
36	331	81	80.34	412
37	343	81	80.90	424
38	391	76	83.73	467
39	344	84	80.37	428
40	333	86	79.47	419
41	347	79	81.46	426
42	333	78	81.02	411
43	334	81	80.48	415
44	304	78	79.58	382
45	323	71	81.98	394
46	315	92	77.40	407
47	310	70	81.58	380
48	284	86	76.76	370
49	279	81	77.50	360
50	295	78	79.09	373
51	296	72	80.43	368
52	272	81	77.05	353
53	274	72	79.19	346
54	301	80	79.00	381
55	263	67	79.70	330
56	269	84	76.20	353
57	226	75	75.08	301
58	247	85	74.40	332
59	239	80	74.92	319
60	231	62	78.84	293
61	242	66	78.57	308
62	211	70	75.09	281
63	198	66	75.00	264
64	219	70	75.78	289
65	172	57	75.11	229
66	170	64	72.65	234
67	188	53	78.01	241
68	193	41	82.48	234
69	181	49	78.70	230
70	172	52	76.79	224
71	155	38	80.31	193
72	129	45	74.14	174
73	137	36	79.19	173
74	126	35	78.26	161
75	129	33	79.63	162
76	131	32	80.37	163
77	57	13	81.43	70

CHG context (R2)
================
position	count methylated	count unmethylated	% methylation	coverage
1	105	2489	4.05	2594
2	47	2388	1.93	2435
3	23	2321	0.98	2344
4	15	2261	0.66	2276
5	9	2423	0.37	2432
6	7	2344	0.30	2351
7	7	2361	0.30	2368
8	4	2432	0.16	2436
9	6	2417	0.25	2423
10	1	2326	0.04	2327
11	4	2329	0.17	2333
12	4	2302	0.17	2306
13	5	2346	0.21	2351
14	3	2314	0.13	2317
15	5	2208	0.23	2213
16	4	2252	0.18	2256
17	5	2244	0.22	2249
18	9	2180	0.41	2189
19	5	2263	0.22	2268
20	1	2271	0.04	2272
21	3	2322	0.13	2325
22	9	2251	0.40	2260
23	2	2265	0.09	2267
24	10	2220	0.45	2230
25	6	2256	0.27	2262
26	3	2297	0.13	2300
27	3	2230	0.13	2233
28	2	2236	0.09	2238
29	5	2149	0.23	2154
30	8	2153	0.37	2161
31	5	2086	0.24	2091
32	5	2030	0.25	2035
33	2	2132	0.09	2134
34	1	2102	0.05	2103
35	7	2113	0.33	2120
36	2	2028	0.10	2030
37	4	1983	0.20	1987
38	0	2034	0.00	2034
39	6	2036	0.29	2042
40	4	1920	0.21	1924
41	4	2055	0.19	2059
42	5	1953	0.26	1958
43	3	1919	0.16	1922
44	5	1972	0.25	1977
45	9	1838	0.49	1847
46	1	1809	0.06	1810
47	10	1817	0.55	1827
48	6	1812	0.33	1818
49	4	1809	0.22	1813
50	2	1761	0.11	1763
51	2	1766	0.11	1768
52	3	1658	0.18	1661
53	4	1615	0.25	1619
54	3	1547	0.19	1550
55	9	1614	0.55	1623
56	3	1552	0.19	1555
57	4	1503	0.27	1507
58	3	1435	0.21	1438
59	2	1395	0.14	1397
60	2	1415	0.14	1417
61	6	1375	0.43	1381
62	0	1339	0.00	1339
63	2	1230	0.16	1232
64	5	1251	0.40	1256
65	4	1247	0.32	1251
66	1	1114	0.09	1115
67	4	1067	0.37	1071
68	1	1024	0.10	1025
69	1	947	0.11	948
70	3	922	0.32	925
71	1	893	0.11	894
72	2	861	0.23	863
73	2	828	0.24	830
74	0	774	0.00	774
75	3	745	0.40	748
76	2	676	0.29	678
77	0	341	0.00	341

CHH context (R2)
================
position	count methylated	count unmethylated	% methylation	coverage
1	420	7805	5.11	8225
2	258	8078	3.10	8336
3	142	7918	1.76	8060
4	81	8136	0.99	8217
5	49	7903	0.62	7952
6	34	8031	0.42	8065
7	26	8024	0.32	8050
8	26	8154	0.32	8180
9	25	8046	0.31	8071
10	19	7938	0.24	7957
11	18	7685	0.23	7703
12	15	7664	0.20	7679
13	24	7729	0.31	7753
14	14	7735	0.18	7749
15	22	7661	0.29	7683
16	21	7566	0.28	7587
17	13	7631	0.17	7644
18	16	7650	0.21	7666
19	11	7511	0.15	7522
20	16	7433	0.21	7449
21	9	7524	0.12	7533
22	17	7494	0.23	7511
23	11	7341	0.15	7352
24	14	7244	0.19	7258
25	14	7397	0.19	7411
26	20	7371	0.27	7391
27	15	7391	0.20	7406
28	15	7355	0.20	7370
29	17	7344	0.23	7361
30	18	7223	0.25	7241
31	15	7249	0.21	7264
32	15	7130	0.21	7145
33	14	7167	0.19	7181
34	10	7269	0.14	7279
35	13	7181	0.18	7194
36	14	7128	0.20	7142
37	9	7140	0.13	7149
38	14	7276	0.19	7290
39	12	7116	0.17	7128
40	17	7020	0.24	7037
41	12	7046	0.17	7058
42	14	6874	0.20	6888
43	15	6819	0.22	6834
44	12	6587	0.18	6599
45	7	6718	0.10	6725
46	10	6463	0.15	6473
47	13	6384	0.20	6397
48	9	6196	0.15	6205
49	16	6150	0.26	6166
50	5	6041	0.08	6046
51	12	5941	0.20	5953
52	11	6002	0.18	6013
53	16	5819	0.27	5835
54	15	5530	0.27	5545
55	15	5342	0.28	5357
56	9	5329	0.17	5338
57	12	5309	0.23	5321
58	9	5244	0.17	5253
59	14	4860	0.29	4874
60	4	4910	0.08	4914
61	11	4709	0.23	4720
62	10	4554	0.22	4564
63	12	4485	0.27	4497
64	12	4376	0.27	4388
65	9	4131	0.22	4140
66	9	3930	0.23	3939
67	11	3690	0.30	3701
68	10	3555	0.28	3565
69	7	3413	0.20	3420
70	5	3163	0.16	3168
71	10	3087	0.32	3097
72	11	2941	0.37	2952
73	2	2762	0.07	2764
74	1	2649	0.04	2650
75	3	2528	0.12	2531
76	2	2302	0.09	2304
77	0	1135	0.00	1135

