CpG context (R1)
================
position	count methylated	count unmethylated	% methylation	coverage
1	387	75	83.77	462
2	347	81	81.07	428
3	393	80	83.09	473
4	395	81	82.98	476
5	448	84	84.21	532
6	468	84	84.78	552
7	443	81	84.54	524
8	421	91	82.23	512
9	437	83	84.04	520
10	478	92	83.86	570
11	460	89	83.79	549
12	455	82	84.73	537
13	478	101	82.56	579
14	436	84	83.85	520
15	484	75	86.58	559
16	463	105	81.51	568
17	437	106	80.48	543
18	443	78	85.03	521
19	432	96	81.82	528
20	467	82	85.06	549
21	462	86	84.31	548
22	446	73	85.93	519
23	469	71	86.85	540
24	435	104	80.71	539
25	412	104	79.84	516
26	438	85	83.75	523
27	428	89	82.79	517
28	476	98	82.93	574
29	421	85	83.20	506
30	449	80	84.88	529
31	459	98	82.41	557
32	404	89	81.95	493
33	424	98	81.23	522
34	413	75	84.63	488
35	452	95	82.63	547
36	456	100	82.01	556
37	442	80	84.67	522
38	446	101	81.54	547
39	427	80	84.22	507
40	419	80	83.97	499
41	402	106	79.13	508
42	417	84	83.23	501
43	392	93	80.82	485
44	413	92	81.78	505
45	450	117	79.37	567
46	454	78	85.34	532
47	376	92	80.34	468
48	379	101	78.96	480
49	375	95	79.79	470
50	403	79	83.61	482
51	441	90	83.05	531
52	388	81	82.73	469
53	449	99	81.93	548
54	412	76	84.43	488
55	436	106	80.44	542
56	440	84	83.97	524
57	404	89	81.95	493
58	413	97	80.98	510
59	427	85	83.40	512
60	405	92	81.49	497
61	451	90	83.36	541
62	403	92	81.41	495
63	419	92	82.00	511
64	378	125	75.15	503
65	415	116	78.15	531
66	419	87	82.81	506
67	414	86	82.80	500
68	413	89	82.27	502
69	421	110	79.28	531
70	445	97	82.10	542
71	409	100	80.35	509
72	428	103	80.60	531
73	400	95	80.81	495
74	430	83	83.82	513
75	395	93	80.94	488
76	415	99	80.74	514
77	385	100	79.38	485
78	400	99	80.16	499
79	408	95	81.11	503
80	412	94	81.42	506
81	427	90	82.59	517
82	432	90	82.76	522
83	417	90	82.25	507
84	389	90	81.21	479
85	450	109	80.50	559
86	393	95	80.53	488
87	370	89	80.61	459
88	429	105	80.34	534
89	410	113	78.39	523
90	394	89	81.57	483
91	415	82	83.50	497
92	312	89	77.81	401
93	226	53	81.00	279

CHG context (R1)
================
position	count methylated	count unmethylated	% methylation	coverage
1	33	1906	1.70	1939
2	48	1890	2.48	1938
3	35	2019	1.70	2054
4	45	2208	2.00	2253
5	53	2328	2.23	2381
6	47	2404	1.92	2451
7	37	2310	1.58	2347
8	48	2202	2.13	2250
9	44	2260	1.91	2304
10	51	2326	2.15	2377
11	44	2324	1.86	2368
12	64	2462	2.53	2526
13	36	2341	1.51	2377
14	47	2331	1.98	2378
15	38	2232	1.67	2270
16	53	2227	2.32	2280
17	48	2270	2.07	2318
18	49	2247	2.13	2296
19	58	2371	2.39	2429
20	46	2417	1.87	2463
21	43	2388	1.77	2431
22	57	2423	2.30	2480
23	39	2326	1.65	2365
24	53	2308	2.24	2361
25	44	2329	1.85	2373
26	46	2328	1.94	2374
27	51	2304	2.17	2355
28	72	2314	3.02	2386
29	50	2362	2.07	2412
30	47	2376	1.94	2423
31	43	2317	1.82	2360
32	46	2346	1.92	2392
33	53	2306	2.25	2359
34	41	2269	1.77	2310
35	59	2281	2.52	2340
36	63	2306	2.66	2369
37	42	2302	1.79	2344
38	68	2379	2.78	2447
39	61	2280	2.61	2341
40	40	2324	1.69	2364
41	46	2299	1.96	2345
42	61	2390	2.49	2451
43	52	2295	2.22	2347
44	43	2306	1.83	2349
45	49	2288	2.10	2337
46	53	2340	2.21	2393
47	52	2282	2.23	2334
48	48	2303	2.04	2351
49	50	2344	2.09	2394
50	53	2308	2.24	2361
51	54	2341	2.25	2395
52	54	2274	2.32	2328
53	48	2233	2.10	2281
54	52	2321	2.19	2373
55	37	2351	1.55	2388
56	52	2315	2.20	2367
57	52	2323	2.19	2375
58	58	2271	2.49	2329
59	59	2203	2.61	2262
60	46	2368	1.91	2414
61	56	2335	2.34	2391
62	51	2247	2.22	2298
63	52	2337	2.18	2389
64	56	2248	2.43	2304
65	40	2253	1.74	2293
66	34	2258	1.48	2292
67	60	2263	2.58	2323
68	70	2269	2.99	2339
69	47	2398	1.92	2445
70	56	2225	2.46	2281
71	61	2347	2.53	2408
72	51	2300	2.17	2351
73	57	2213	2.51	2270
74	63	2285	2.68	2348
75	58	2297	2.46	2355
76	50	2280	2.15	2330
77	42	2299	1.79	2341
78	51	2226	2.24	2277
79	53	2415	2.15	2468
80	45	2322	1.90	2367
81	52	2513	2.03	2565
82	46	2311	1.95	2357
83	50	2293	2.13	2343
84	49	2269	2.11	2318
85	41	2274	1.77	2315
86	60	2269	2.58	2329
87	49	2311	2.08	2360
88	45	2337	1.89	2382
89	52	2355	2.16	2407
90	45	2285	1.93	2330
91	45	2054	2.14	2099
92	47	2030	2.26	2077
93	41	1079	3.66	1120

CHH context (R1)
================
position	count methylated	count unmethylated	% methylation	coverage
1	154	6519	2.31	6673
2	136	6796	1.96	6932
3	144	6678	2.11	6822
4	140	6791	2.02	6931
5	161	7342	2.15	7503
6	168	7715	2.13	7883
7	163	8032	1.99	8195
8	170	8131	2.05	8301
9	165	8024	2.01	8189
10	172	8060	2.09	8232
11	194	8001	2.37	8195
12	175	8005	2.14	8180
13	184	8055	2.23	8239
14	186	7969	2.28	8155
15	186	7943	2.29	8129
16	166	8100	2.01	8266
17	178	8242	2.11	8420
18	195	8274	2.30	8469
19	188	8169	2.25	8357
20	185	8235	2.20	8420
21	176	8227	2.09	8403
22	165	8162	1.98	8327
23	158	8121	1.91	8279
24	176	8346	2.07	8522
25	192	8325	2.25	8517
26	193	8237	2.29	8430
27	191	8316	2.25	8507
28	165	8148	1.98	8313
29	185	8142	2.22	8327
30	178	8086	2.15	8264
31	174	7985	2.13	8159
32	177	7888	2.19	8065
33	185	8142	2.22	8327
34	186	8139	2.23	8325
35	176	8074	2.13	8250
36	186	8014	2.27	8200
37	176	7973	2.16	8149
38	191	8056	2.32	8247
39	183	7924	2.26	8107
40	187	7892	2.31	8079
41	173	7619	2.22	7792
42	166	7611	2.13	7777
43	166	7638	2.13	7804
44	174	7944	2.14	8118
45	178	7997	2.18	8175
46	173	8131	2.08	8304
47	191	8130	2.30	8321
48	202	8076	2.44	8278
49	185	7951	2.27	8136
50	177	7950	2.18	8127
51	183	7879	2.27	8062
52	188	7971	2.30	8159
53	174	8117	2.10	8291
54	172	8132	2.07	8304
55	191	8145	2.29	8336
56	176	8129	2.12	8305
57	188	8046	2.28	8234
58	179	7979	2.19	8158
59	196	8050	2.38	8246
60	184	7926	2.27	8110
61	182	7779	2.29	7961
62	188	7926	2.32	8114
63	182	7993	2.23	8175
64	179	7904	2.21	8083
65	184	7979	2.25	8163
66	209	7642	2.66	7851
67	184	7949	2.26	8133
68	192	7946	2.36	8138
69	181	7986	2.22	8167
70	187	7955	2.30	8142
71	187	7847	2.33	8034
72	186	7788	2.33	7974
73	186	7811	2.33	7997
74	195	7916	2.40	8111
75	177	7947	2.18	8124
76	167	8137	2.01	8304
77	174	8214	2.07	8388
78	176	8115	2.12	8291
79	201	8096	2.42	8297
80	191	8171	2.28	8362
81	171	8141	2.06	8312
82	182	7919	2.25	8101
83	177	7928	2.18	8105
84	175	7972	2.15	8147
85	193	8090	2.33	8283
86	194	8101	2.34	8295
87	199	8120	2.39	8319
88	202	8040	2.45	8242
89	189	8126	2.27	8315
90	200	7919	2.46	8119
91	188	7683	2.39	7871
92	188	6921	2.64	7109
93	127	4773	2.59	4900

CpG context (R2)
================
position	count methylated	count unmethylated	% methylation	coverage
1	418	96	81.32	514
2	423	87	82.94	510
3	437	83	84.04	520
4	416	98	80.93	514
5	476	89	84.25	565
6	499	79	86.33	578
7	457	94	82.94	551
8	511	99	83.77	610
9	441	88	83.36	529
10	444	86	83.77	530
11	489	98	83.30	587
12	442	99	81.70	541
13	439	87	83.46	526
14	457	79	85.26	536
15	414	94	81.50	508
16	470	93	83.48	563
17	418	88	82.61	506
18	453	84	84.36	537
19	410	93	81.51	503
20	443	95	82.34	538
21	400	85	82.47	485
22	395	102	79.48	497
23	396	78	83.54	474
24	379	88	81.16	467
25	421	92	82.07	513
26	421	89	82.55	510
27	370	78	82.59	448
28	379	91	80.64	470
29	383	64	85.68	447
30	382	87	81.45	469
31	377	82	82.14	459
32	384	80	82.76	464
33	430	84	83.66	514
34	370	92	80.09	462
35	360	81	81.63	441
36	317	73	81.28	390
37	366	96	79.22	462
38	366	84	81.33	450
39	351	82	81.06	433
40	349	75	82.31	424
41	354	74	82.71	428
42	365	81	81.84	446
43	342	81	80.85	423
44	323	78	80.55	401
45	312	67	82.32	379
46	336	92	78.50	428
47	317	78	80.25	395
48	311	78	79.95	389
49	309	72	81.10	381
50	314	64	83.07	378
51	308	88	77.78	396
52	311	63	83.16	374
53	308	65	82.57	373
54	285	71	80.06	356
55	276	73	79.08	349
56	270	77	77.81	347
57	271	90	75.07	361
58	227	66	77.47	293
59	267	63	80.91	330
60	241	62	79.54	303
61	253	60	80.83	313
62	215	72	74.91	287
63	242	44	84.62	286
64	229	50	82.08	279
65	203	62	76.60	265
66	193	48	80.08	241
67	203	55	78.68	258
68	175	44	79.91	219
69	168	48	77.78	216
70	186	44	80.87	230
71	178	45	79.82	223
72	153	33	82.26	186
73	159	33	82.81	192
74	149	37	80.11	186
75	148	28	84.09	176
76	148	39	79.14	187
77	75	19	79.79	94

CHG context (R2)
================
position	count methylated	count unmethylated	% methylation	coverage
1	127	2325	5.18	2452
2	101	2388	4.06	2489
3	70	2228	3.05	2298
4	54	2313	2.28	2367
5	51	2289	2.18	2340
6	43	2274	1.86	2317
7	49	2299	2.09	2348
8	42	2300	1.79	2342
9	52	2309	2.20	2361
10	45	2290	1.93	2335
11	44	2213	1.95	2257
12	43	2162	1.95	2205
13	49	2340	2.05	2389
14	35	2282	1.51	2317
15	50	2231	2.19	2281
16	45	2231	1.98	2276
17	39	2230	1.72	2269
18	51	2217	2.25	2268
19	48	2219	2.12	2267
20	41	2189	1.84	2230
21	36	2265	1.56	2301
22	46	2183	2.06	2229
23	37	2170	1.68	2207
24	31	2170	1.41	2201
25	39	2222	1.72	2261
26	38	2276	1.64	2314
27	41	2201	1.83	2242
28	35	2154	1.60	2189
29	44	2158	2.00	2202
30	35	2173	1.59	2208
31	37	2106	1.73	2143
32	40	2074	1.89	2114
33	48	2049	2.29	2097
34	41	2092	1.92	2133
35	31	2041	1.50	2072
36	34	2043	1.64	2077
37	40	1938	2.02	1978
38	38	2040	1.83	2078
39	31	1952	1.56	1983
40	35	1973	1.74	2008
41	30	1960	1.51	1990
42	42	2000	2.06	2042
43	37	1947	1.86	1984
44	27	1813	1.47	1840
45	34	1903	1.76	1937
46	36	1866	1.89	1902
47	37	1888	1.92	1925
48	34	1800	1.85	1834
49	30	1782	1.66	1812
50	22	1835	1.18	1857
51	20	1729	1.14	1749
52	34	1650	2.02	1684
53	20	1684	1.17	1704
54	32	1576	1.99	1608
55	25	1510	1.63	1535
56	34	1532	2.17	1566
57	26	1513	1.69	1539
58	29	1490	1.91	1519
59	21	1491	1.39	1512
60	24	1452	1.63	1476
61	27	1372	1.93	1399
62	25	1290	1.90	1315
63	26	1289	1.98	1315
64	25	1303	1.88	1328
65	38	1202	3.06	1240
66	29	1159	2.44	1188
67	22	1096	1.97	1118
68	28	1084	2.52	1112
69	27	1032	2.55	1059
70	23	1035	2.17	1058
71	22	942	2.28	964
72	28	927	2.93	955
73	28	856	3.17	884
74	30	782	3.69	812
75	23	756	2.95	779
76	24	731	3.18	755
77	10	358	2.72	368

CHH context (R2)
================
position	count methylated	count unmethylated	% methylation	coverage
1	441	7708	5.41	8149
2	370	7902	4.47	8272
3	271	7767	3.37	8038
4	227	7921	2.79	8148
5	201	7902	2.48	8103
6	202	7960	2.47	8162
7	167	7804	2.10	7971
8	155	7985	1.90	8140
9	153	7962	1.89	8115
10	154	7900	1.91	8054
11	174	7727	2.20	7901
12	163	7519	2.12	7682
13	144	7534	1.88	7678
14	177	7631	2.27	7808
15	160	7565	2.07	7725
16	159	7347	2.12	7506
17	157	7498	2.05	7655
18	157	7468	2.06	7625
19	151	7454	1.99	7605
20	147	7404	1.95	7551
21	138	7434	1.82	7572
22	154	7494	2.01	7648
23	132	7405	1.75	7537
24	143	7439	1.89	7582
25	143	7427	1.89	7570
26	139	7358	1.85	7497
27	161	7321	2.15	7482
28	156	7399	2.06	7555
29	132	7419	1.75	7551
30	125	7316	1.68	7441
31	131	7226	1.78	7357
32	131	7283	1.77	7414
33	126	7116	1.74	7242
34	142	7230	1.93	7372
35	140	7065	1.94	7205
36	147	7207	2.00	7354
37	136	6992	1.91	7128
38	120	7030	1.68	7150
39	121	6962	1.71	7083
40	119	6980	1.68	7099
41	118	6811	1.70	6929
42	115	6791	1.67	6906
43	111	6763	1.61	6874
44	116	6661	1.71	6777
45	106	6692	1.56	6798
46	118	6491	1.79	6609
47	111	6561	1.66	6672
48	120	6443	1.83	6563
49	117	6206	1.85	6323
50	115	6092	1.85	6207
51	120	6049	1.95	6169
52	101	5884	1.69	5985
53	106	5774	1.80	5880
54	117	5849	1.96	5966
55	103	5736	1.76	5839
56	110	5417	1.99	5527
57	101	5372	1.85	5473
58	97	5336	1.79	5433
59	110	5133	2.10	5243
60	86	5045	1.68	5131
61	104	4824	2.11	4928
62	106	4691	2.21	4797
63	86	4609	1.83	4695
64	91	4437	2.01	4528
65	85	4287	1.94	4372
66	86	4124	2.04	4210
67	84	3928	2.09	4012
68	91	3798	2.34	3889
69	82	3559	2.25	3641
70	73	3431	2.08	3504
71	73	3309	2.16	3382
72	65	3175	2.01	3240
73	76	3034	2.44	3110
74	67	2766	2.36	2833
75	82	2720	2.93	2802
76	79	2564	2.99	2643
77	38	1244	2.96	1282

