CpG context (R1)
================
position	count methylated	count unmethylated	% methylation	coverage
1	363	77	82.50	440
2	330	77	81.08	407
3	321	60	84.25	381
4	360	71	83.53	431
5	381	98	79.54	479
6	396	78	83.54	474
7	409	80	83.64	489
8	369	70	84.05	439
9	417	77	84.41	494
10	410	82	83.33	492
11	430	98	81.44	528
12	438	68	86.56	506
13	433	83	83.91	516
14	420	90	82.35	510
15	452	98	82.18	550
16	367	87	80.84	454
17	419	84	83.30	503
18	364	70	83.87	434
19	398	79	83.44	477
20	411	69	85.62	480
21	409	85	82.79	494
22	381	77	83.19	458
23	387	94	80.46	481
24	401	83	82.85	484
25	415	84	83.17	499
26	436	86	83.52	522
27	410	74	84.71	484
28	401	59	87.17	460
29	417	102	80.35	519
30	408	93	81.44	501
31	407	89	82.06	496
32	359	73	83.10	432
33	338	96	77.88	434
34	390	79	83.16	469
35	411	82	83.37	493
36	415	86	82.83	501
37	352	73	82.82	425
38	380	82	82.25	462
39	343	79	81.28	422
40	370	81	82.04	451
41	394	81	82.95	475
42	355	81	81.42	436
43	356	82	81.28	438
44	391	82	82.66	473
45	369	79	82.37	448
46	361	86	80.76	447
47	362	73	83.22	435
48	326	79	80.49	405
49	379	91	80.64	470
50	384	86	81.70	470
51	403	87	82.24	490
52	379	93	80.30	472
53	401	99	80.20	500
54	359	85	80.86	444
55	328	76	81.19	404
56	351	92	79.23	443
57	402	78	83.75	480
58	359	95	79.07	454
59	419	88	82.64	507
60	372	97	79.32	469
61	372	78	82.67	450
62	369	73	83.48	442
63	374	77	82.93	451
64	364	87	80.71	451
65	375	85	81.52	460
66	411	92	81.71	503
67	350	89	79.73	439
68	384	87	81.53	471
69	362	73	83.22	435
70	358	80	81.74	438
71	375	88	80.99	463
72	361	93	79.52	454
73	395	90	81.44	485
74	371	75	83.18	446
75	375	70	84.27	445
76	374	81	82.20	455
77	354	98	78.32	452
78	384	78	83.12	462
79	354	81	81.38	435
80	338	83	80.29	421
81	343	86	79.95	429
82	375	89	80.82	464
83	361	101	78.14	462
84	366	87	80.79	453
85	371	88	80.83	459
86	383	85	81.84	468
87	373	82	81.98	455
88	327	88	78.80	415
89	356	112	76.07	468
90	353	97	78.44	450
91	350	74	82.55	424
92	315	60	84.00	375
93	200	59	77.22	259

CHG context (R1)
================
position	count methylated	count unmethylated	% methylation	coverage
1	26	1728	1.48	1754
2	15	1776	0.84	1791
3	26	1841	1.39	1867
4	17	2066	0.82	2083
5	25	2169	1.14	2194
6	35	2154	1.60	2189
7	22	2134	1.02	2156
8	11	2119	0.52	2130
9	25	2066	1.20	2091
10	17	2127	0.79	2144
11	23	2140	1.06	2163
12	30	2169	1.36	2199
13	26	2244	1.15	2270
14	27	2130	1.25	2157
15	20	2108	0.94	2128
16	24	2001	1.19	2025
17	32	2118	1.49	2150
18	27	2025	1.32	2052
19	32	2180	1.45	2212
20	20	2053	0.96	2073
21	31	2129	1.44	2160
22	28	2186	1.26	2214
23	27	2061	1.29	2088
24	23	2086	1.09	2109
25	24	2087	1.14	2111
26	18	2178	0.82	2196
27	22	2136	1.02	2158
28	31	2191	1.40	2222
29	18	2236	0.80	2254
30	23	2121	1.07	2144
31	24	2164	1.10	2188
32	30	2126	1.39	2156
33	34	2108	1.59	2142
34	25	2111	1.17	2136
35	21	2031	1.02	2052
36	23	2104	1.08	2127
37	22	2140	1.02	2162
38	24	2101	1.13	2125
39	36	2104	1.68	2140
40	27	2134	1.25	2161
41	28	2063	1.34	2091
42	20	2085	0.95	2105
43	16	2089	0.76	2105
44	25	2098	1.18	2123
45	28	2081	1.33	2109
46	20	2027	0.98	2047
47	32	2094	1.51	2126
48	38	1987	1.88	2025
49	21	2123	0.98	2144
50	14	2163	0.64	2177
51	21	2136	0.97	2157
52	14	2043	0.68	2057
53	23	2081	1.09	2104
54	18	2134	0.84	2152
55	24	2093	1.13	2117
56	26	2073	1.24	2099
57	32	2104	1.50	2136
58	24	2143	1.11	2167
59	27	2159	1.24	2186
60	27	2008	1.33	2035
61	22	2135	1.02	2157
62	20	2097	0.94	2117
63	17	2075	0.81	2092
64	19	2089	0.90	2108
65	32	2056	1.53	2088
66	21	2061	1.01	2082
67	27	2055	1.30	2082
68	28	2107	1.31	2135
69	35	2107	1.63	2142
70	25	2032	1.22	2057
71	35	2092	1.65	2127
72	26	2106	1.22	2132
73	30	2112	1.40	2142
74	24	2030	1.17	2054
75	22	2042	1.07	2064
76	26	2045	1.26	2071
77	26	2000	1.28	2026
78	25	2138	1.16	2163
79	25	2155	1.15	2180
80	23	2077	1.10	2100
81	20	2138	0.93	2158
82	26	2019	1.27	2045
83	28	2128	1.30	2156
84	23	2101	1.08	2124
85	25	2056	1.20	2081
86	34	2073	1.61	2107
87	26	2074	1.24	2100
88	29	2105	1.36	2134
89	23	2119	1.07	2142
90	23	2075	1.10	2098
91	28	1934	1.43	1962
92	18	1716	1.04	1734
93	18	1014	1.74	1032

CHH context (R1)
================
position	count methylated	count unmethylated	% methylation	coverage
1	88	6341	1.37	6429
2	69	6559	1.04	6628
3	76	6199	1.21	6275
4	69	6467	1.06	6536
5	79	6888	1.13	6967
6	77	7356	1.04	7433
7	68	7616	0.88	7684
8	91	7624	1.18	7715
9	84	7570	1.10	7654
10	88	7579	1.15	7667
11	86	7541	1.13	7627
12	100	7527	1.31	7627
13	76	7572	0.99	7648
14	78	7744	1.00	7822
15	78	7635	1.01	7713
16	79	7660	1.02	7739
17	85	7675	1.10	7760
18	75	7740	0.96	7815
19	80	7732	1.02	7812
20	84	7831	1.06	7915
21	70	7602	0.91	7672
22	99	7534	1.30	7633
23	79	7818	1.00	7897
24	74	7816	0.94	7890
25	74	7865	0.93	7939
26	88	7931	1.10	8019
27	97	7606	1.26	7703
28	88	7648	1.14	7736
29	87	7601	1.13	7688
30	81	7419	1.08	7500
31	95	7439	1.26	7534
32	91	7534	1.19	7625
33	92	7512	1.21	7604
34	79	7695	1.02	7774
35	102	7520	1.34	7622
36	95	7871	1.19	7966
37	92	7875	1.15	7967
38	112	7661	1.44	7773
39	96	7552	1.26	7648
40	83	7520	1.09	7603
41	80	7323	1.08	7403
42	82	7435	1.09	7517
43	98	7453	1.30	7551
44	95	7483	1.25	7578
45	101	7662	1.30	7763
46	79	7577	1.03	7656
47	80	7714	1.03	7794
48	84	7566	1.10	7650
49	90	7589	1.17	7679
50	102	7611	1.32	7713
51	100	7389	1.34	7489
52	86	7743	1.10	7829
53	89	7693	1.14	7782
54	87	7523	1.14	7610
55	87	7649	1.12	7736
56	73	7673	0.94	7746
57	76	7696	0.98	7772
58	106	7699	1.36	7805
59	91	7480	1.20	7571
60	97	7411	1.29	7508
61	84	7492	1.11	7576
62	94	7489	1.24	7583
63	103	7523	1.35	7626
64	91	7520	1.20	7611
65	93	7505	1.22	7598
66	91	7492	1.20	7583
67	88	7387	1.18	7475
68	85	7515	1.12	7600
69	92	7547	1.20	7639
70	78	7481	1.03	7559
71	101	7561	1.32	7662
72	94	7392	1.26	7486
73	84	7379	1.13	7463
74	77	7434	1.03	7511
75	95	7495	1.25	7590
76	102	7723	1.30	7825
77	100	7773	1.27	7873
78	84	7670	1.08	7754
79	90	7704	1.15	7794
80	99	7543	1.30	7642
81	98	7736	1.25	7834
82	109	7665	1.40	7774
83	88	7405	1.17	7493
84	96	7530	1.26	7626
85	95	7634	1.23	7729
86	89	7730	1.14	7819
87	100	7758	1.27	7858
88	101	7727	1.29	7828
89	94	7579	1.23	7673
90	83	7490	1.10	7573
91	104	7220	1.42	7324
92	89	6639	1.32	6728
93	62	4274	1.43	4336

CpG context (R2)
================
position	count methylated	count unmethylated	% methylation	coverage
1	365	100	78.49	465
2	388	85	82.03	473
3	361	79	82.05	440
4	358	95	79.03	453
5	426	86	83.20	512
6	404	100	80.16	504
7	386	86	81.78	472
8	419	83	83.47	502
9	412	80	83.74	492
10	409	76	84.33	485
11	402	77	83.92	479
12	406	87	82.35	493
13	436	75	85.32	511
14	397	80	83.23	477
15	404	99	80.32	503
16	368	82	81.78	450
17	412	80	83.74	492
18	387	68	85.05	455
19	379	68	84.79	447
20	360	72	83.33	432
21	373	64	85.35	437
22	400	84	82.64	484
23	363	86	80.85	449
24	344	74	82.30	418
25	375	88	80.99	463
26	347	74	82.42	421
27	330	67	83.12	397
28	386	77	83.37	463
29	312	85	78.59	397
30	383	72	84.18	455
31	335	92	78.45	427
32	353	75	82.48	428
33	309	78	79.84	387
34	351	64	84.58	415
35	320	81	79.80	401
36	319	83	79.35	402
37	310	66	82.45	376
38	352	71	83.22	423
39	317	83	79.25	400
40	320	71	81.84	391
41	296	71	80.65	367
42	308	83	78.77	391
43	309	82	79.03	391
44	323	82	79.75	405
45	298	68	81.42	366
46	280	90	75.68	370
47	302	57	84.12	359
48	270	68	79.88	338
49	263	84	75.79	347
50	281	67	80.75	348
51	261	77	77.22	338
52	258	80	76.33	338
53	279	78	78.15	357
54	235	74	76.05	309
55	272	66	80.47	338
56	287	72	79.94	359
57	269	75	78.20	344
58	263	56	82.45	319
59	249	57	81.37	306
60	224	73	75.42	297
61	261	60	81.31	321
62	237	67	77.96	304
63	215	51	80.83	266
64	228	51	81.72	279
65	230	60	79.31	290
66	208	58	78.20	266
67	215	53	80.22	268
68	223	50	81.68	273
69	184	57	76.35	241
70	174	49	78.03	223
71	203	45	81.85	248
72	192	45	81.01	237
73	182	50	78.45	232
74	173	48	78.28	221
75	160	38	80.81	198
76	179	49	78.51	228
77	104	25	80.62	129

CHG context (R2)
================
position	count methylated	count unmethylated	% methylation	coverage
1	71	2149	3.20	2220
2	58	2095	2.69	2153
3	37	2130	1.71	2167
4	23	2096	1.09	2119
5	18	2104	0.85	2122
6	36	2148	1.65	2184
7	16	2137	0.74	2153
8	17	2121	0.80	2138
9	25	2103	1.17	2128
10	26	2114	1.21	2140
11	23	2089	1.09	2112
12	26	2107	1.22	2133
13	18	2107	0.85	2125
14	21	2117	0.98	2138
15	15	2027	0.73	2042
16	23	2068	1.10	2091
17	17	1997	0.84	2014
18	34	2080	1.61	2114
19	23	2067	1.10	2090
20	25	2058	1.20	2083
21	22	1977	1.10	1999
22	23	2053	1.11	2076
23	15	2057	0.72	2072
24	18	2025	0.88	2043
25	14	2098	0.66	2112
26	11	2060	0.53	2071
27	29	2042	1.40	2071
28	26	1930	1.33	1956
29	24	1984	1.20	2008
30	21	2033	1.02	2054
31	25	1901	1.30	1926
32	19	2036	0.92	2055
33	26	1980	1.30	2006
34	20	1847	1.07	1867
35	16	1908	0.83	1924
36	19	1987	0.95	2006
37	28	1854	1.49	1882
38	19	1884	1.00	1903
39	19	1918	0.98	1937
40	18	1797	0.99	1815
41	16	1940	0.82	1956
42	26	1927	1.33	1953
43	21	1871	1.11	1892
44	22	1869	1.16	1891
45	13	1785	0.72	1798
46	23	1803	1.26	1826
47	16	1756	0.90	1772
48	28	1771	1.56	1799
49	22	1789	1.21	1811
50	18	1634	1.09	1652
51	14	1673	0.83	1687
52	21	1678	1.24	1699
53	16	1675	0.95	1691
54	15	1623	0.92	1638
55	21	1604	1.29	1625
56	13	1553	0.83	1566
57	17	1536	1.09	1553
58	16	1554	1.02	1570
59	15	1552	0.96	1567
60	17	1513	1.11	1530
61	11	1469	0.74	1480
62	21	1510	1.37	1531
63	13	1424	0.90	1437
64	16	1307	1.21	1323
65	16	1369	1.16	1385
66	16	1391	1.14	1407
67	14	1268	1.09	1282
68	11	1279	0.85	1290
69	16	1239	1.27	1255
70	18	1168	1.52	1186
71	15	1183	1.25	1198
72	6	1148	0.52	1154
73	10	1053	0.94	1063
74	10	1086	0.91	1096
75	15	1024	1.44	1039
76	7	987	0.70	994
77	4	461	0.86	465

CHH context (R2)
================
position	count methylated	count unmethylated	% methylation	coverage
1	349	7551	4.42	7900
2	218	7477	2.83	7695
3	176	7518	2.29	7694
4	123	7418	1.63	7541
5	101	7485	1.33	7586
6	79	7540	1.04	7619
7	80	7567	1.05	7647
8	91	7629	1.18	7720
9	75	7521	0.99	7596
10	77	7549	1.01	7626
11	68	7495	0.90	7563
12	89	7280	1.21	7369
13	78	7232	1.07	7310
14	92	7226	1.26	7318
15	92	7241	1.25	7333
16	78	7390	1.04	7468
17	87	7130	1.21	7217
18	76	7352	1.02	7428
19	85	7359	1.14	7444
20	76	7196	1.05	7272
21	80	7062	1.12	7142
22	79	7002	1.12	7081
23	87	7039	1.22	7126
24	94	7167	1.29	7261
25	63	7185	0.87	7248
26	70	7106	0.98	7176
27	63	7162	0.87	7225
28	80	7000	1.13	7080
29	75	7068	1.05	7143
30	60	7006	0.85	7066
31	68	7051	0.96	7119
32	72	7081	1.01	7153
33	73	7117	1.02	7190
34	71	6886	1.02	6957
35	74	6892	1.06	6966
36	61	6816	0.89	6877
37	83	6933	1.18	7016
38	89	6995	1.26	7084
39	82	6772	1.20	6854
40	74	6858	1.07	6932
41	60	6857	0.87	6917
42	50	6829	0.73	6879
43	63	6843	0.91	6906
44	58	6844	0.84	6902
45	58	6717	0.86	6775
46	67	6551	1.01	6618
47	57	6532	0.87	6589
48	76	6493	1.16	6569
49	53	6421	0.82	6474
50	66	6430	1.02	6496
51	54	6283	0.85	6337
52	60	6358	0.93	6418
53	62	6290	0.98	6352
54	69	6027	1.13	6096
55	54	5983	0.89	6037
56	66	5885	1.11	5951
57	54	5819	0.92	5873
58	59	5638	1.04	5697
59	59	5598	1.04	5657
60	74	5569	1.31	5643
61	63	5348	1.16	5411
62	54	5342	1.00	5396
63	61	5265	1.15	5326
64	49	5118	0.95	5167
65	58	4894	1.17	4952
66	40	4805	0.83	4845
67	51	4650	1.08	4701
68	56	4575	1.21	4631
69	57	4570	1.23	4627
70	57	4371	1.29	4428
71	45	4147	1.07	4192
72	50	4090	1.21	4140
73	39	3915	0.99	3954
74	43	3902	1.09	3945
75	49	3714	1.30	3763
76	35	3580	0.97	3615
77	23	1798	1.26	1821

