CpG context (R1)
================
position	count methylated	count unmethylated	% methylation	coverage
1	525	91	85.23	616
2	517	92	84.89	609
3	509	86	85.55	595
4	518	78	86.91	596
5	555	110	83.46	665
6	498	101	83.14	599
7	517	85	85.88	602
8	461	93	83.21	554
9	513	99	83.82	612
10	478	108	81.57	586
11	463	77	85.74	540
12	501	98	83.64	599
13	501	88	85.06	589
14	534	96	84.76	630
15	502	101	83.25	603
16	514	102	83.44	616
17	494	108	82.06	602
18	478	92	83.86	570
19	483	95	83.56	578
20	489	107	82.05	596
21	467	95	83.10	562
22	472	102	82.23	574
23	474	90	84.04	564
24	530	117	81.92	647
25	458	108	80.92	566
26	469	115	80.31	584
27	464	92	83.45	556
28	430	107	80.07	537
29	412	109	79.08	521
30	495	97	83.61	592
31	491	82	85.69	573
32	447	92	82.93	539
33	490	84	85.37	574
34	467	84	84.75	551
35	426	102	80.68	528
36	475	105	81.90	580
37	439	111	79.82	550
38	461	104	81.59	565
39	477	96	83.25	573
40	470	96	83.04	566
41	436	96	81.95	532
42	478	110	81.29	588
43	452	108	80.71	560
44	468	98	82.69	566
45	472	115	80.41	587
46	433	92	82.48	525
47	459	119	79.41	578
48	455	104	81.40	559
49	474	111	81.03	585
50	458	118	79.51	576
51	455	91	83.33	546
52	489	84	85.34	573
53	517	111	82.32	628
54	500	100	83.33	600
55	471	112	80.79	583
56	443	105	80.84	548
57	447	101	81.57	548
58	420	113	78.80	533
59	477	106	81.82	583
60	450	100	81.82	550
61	459	107	81.10	566
62	444	103	81.17	547
63	477	109	81.40	586
64	441	94	82.43	535
65	459	116	79.83	575
66	477	108	81.54	585
67	461	96	82.76	557
68	439	90	82.99	529
69	434	123	77.92	557
70	481	111	81.25	592
71	470	107	81.46	577
72	448	101	81.60	549
73	460	91	83.48	551
74	446	106	80.80	552
75	499	111	81.80	610
76	442	124	78.09	566
77	442	92	82.77	534
78	454	118	79.37	572
79	451	104	81.26	555
80	382	100	79.25	482
81	295	71	80.60	366

CHG context (R1)
================
position	count methylated	count unmethylated	% methylation	coverage
1	6	2525	0.24	2531
2	9	2495	0.36	2504
3	11	2546	0.43	2557
4	9	2540	0.35	2549
5	11	2577	0.43	2588
6	9	2607	0.34	2616
7	12	2542	0.47	2554
8	9	2596	0.35	2605
9	6	2590	0.23	2596
10	6	2469	0.24	2475
11	8	2499	0.32	2507
12	12	2579	0.46	2591
13	13	2507	0.52	2520
14	7	2536	0.28	2543
15	7	2589	0.27	2596
16	9	2533	0.35	2542
17	11	2559	0.43	2570
18	11	2529	0.43	2540
19	7	2510	0.28	2517
20	8	2533	0.31	2541
21	7	2479	0.28	2486
22	13	2580	0.50	2593
23	11	2622	0.42	2633
24	8	2592	0.31	2600
25	13	2518	0.51	2531
26	15	2444	0.61	2459
27	7	2476	0.28	2483
28	5	2513	0.20	2518
29	8	2449	0.33	2457
30	8	2545	0.31	2553
31	8	2632	0.30	2640
32	17	2519	0.67	2536
33	8	2519	0.32	2527
34	10	2522	0.39	2532
35	13	2573	0.50	2586
36	7	2500	0.28	2507
37	11	2457	0.45	2468
38	8	2538	0.31	2546
39	5	2478	0.20	2483
40	10	2536	0.39	2546
41	11	2537	0.43	2548
42	5	2488	0.20	2493
43	7	2576	0.27	2583
44	7	2510	0.28	2517
45	7	2568	0.27	2575
46	6	2402	0.25	2408
47	10	2494	0.40	2504
48	6	2481	0.24	2487
49	10	2495	0.40	2505
50	7	2498	0.28	2505
51	11	2514	0.44	2525
52	8	2584	0.31	2592
53	9	2453	0.37	2462
54	11	2463	0.44	2474
55	10	2512	0.40	2522
56	7	2562	0.27	2569
57	6	2575	0.23	2581
58	8	2508	0.32	2516
59	9	2379	0.38	2388
60	12	2386	0.50	2398
61	16	2451	0.65	2467
62	9	2569	0.35	2578
63	8	2562	0.31	2570
64	8	2485	0.32	2493
65	13	2568	0.50	2581
66	8	2524	0.32	2532
67	5	2510	0.20	2515
68	11	2511	0.44	2522
69	7	2534	0.28	2541
70	8	2552	0.31	2560
71	7	2489	0.28	2496
72	9	2555	0.35	2564
73	11	2574	0.43	2585
74	11	2617	0.42	2628
75	10	2584	0.39	2594
76	9	2527	0.35	2536
77	13	2647	0.49	2660
78	7	2532	0.28	2539
79	8	2381	0.33	2389
80	7	2059	0.34	2066
81	6	1432	0.42	1438

CHH context (R1)
================
position	count methylated	count unmethylated	% methylation	coverage
1	35	8612	0.40	8647
2	24	8715	0.27	8739
3	25	8692	0.29	8717
4	34	8528	0.40	8562
5	34	8574	0.39	8608
6	26	8671	0.30	8697
7	27	8558	0.31	8585
8	34	8505	0.40	8539
9	31	8700	0.36	8731
10	41	8708	0.47	8749
11	37	8923	0.41	8960
12	25	8661	0.29	8686
13	28	8684	0.32	8712
14	35	8816	0.40	8851
15	39	8748	0.44	8787
16	39	8752	0.44	8791
17	25	8862	0.28	8887
18	29	8962	0.32	8991
19	28	8741	0.32	8769
20	22	8896	0.25	8918
21	43	8826	0.48	8869
22	34	8750	0.39	8784
23	27	8574	0.31	8601
24	33	8495	0.39	8528
25	27	8539	0.32	8566
26	21	8331	0.25	8352
27	28	8450	0.33	8478
28	28	8444	0.33	8472
29	31	8523	0.36	8554
30	32	8582	0.37	8614
31	33	8656	0.38	8689
32	32	8502	0.37	8534
33	27	8488	0.32	8515
34	27	8279	0.33	8306
35	25	8353	0.30	8378
36	29	8143	0.35	8172
37	25	8299	0.30	8324
38	24	8540	0.28	8564
39	36	8601	0.42	8637
40	22	8614	0.25	8636
41	31	8695	0.36	8726
42	39	8570	0.45	8609
43	31	8354	0.37	8385
44	32	8454	0.38	8486
45	35	8428	0.41	8463
46	27	8514	0.32	8541
47	32	8714	0.37	8746
48	30	8673	0.34	8703
49	29	8658	0.33	8687
50	33	8719	0.38	8752
51	32	8659	0.37	8691
52	29	8603	0.34	8632
53	32	8493	0.38	8525
54	30	8433	0.35	8463
55	22	8516	0.26	8538
56	22	8499	0.26	8521
57	35	8510	0.41	8545
58	27	8505	0.32	8532
59	22	8446	0.26	8468
60	30	8471	0.35	8501
61	27	8579	0.31	8606
62	28	8654	0.32	8682
63	31	8429	0.37	8460
64	35	8425	0.41	8460
65	37	8443	0.44	8480
66	30	8370	0.36	8400
67	32	8256	0.39	8288
68	28	8399	0.33	8427
69	32	8491	0.38	8523
70	29	8724	0.33	8753
71	29	8822	0.33	8851
72	34	8785	0.39	8819
73	28	8873	0.31	8901
74	24	8773	0.27	8797
75	31	8688	0.36	8719
76	26	8651	0.30	8677
77	35	8611	0.40	8646
78	32	8692	0.37	8724
79	29	8239	0.35	8268
80	34	7714	0.44	7748
81	20	5299	0.38	5319

CpG context (R2)
================
position	count methylated	count unmethylated	% methylation	coverage
1	432	177	70.94	609
2	425	156	73.15	581
3	457	118	79.48	575
4	448	107	80.72	555
5	515	121	80.97	636
6	462	86	84.31	548
7	534	122	81.40	656
8	543	108	83.41	651
9	509	98	83.86	607
10	525	102	83.73	627
11	492	88	84.83	580
12	498	123	80.19	621
13	533	93	85.14	626
14	544	106	83.69	650
15	572	100	85.12	672
16	480	92	83.92	572
17	511	112	82.02	623
18	496	100	83.22	596
19	494	96	83.73	590
20	470	102	82.17	572
21	482	77	86.23	559
22	471	105	81.77	576
23	470	92	83.63	562
24	496	107	82.26	603
25	485	101	82.76	586
26	476	105	81.93	581
27	446	98	81.99	544
28	478	102	82.41	580
29	448	94	82.66	542
30	508	84	85.81	592
31	466	99	82.48	565
32	419	105	79.96	524
33	477	102	82.38	579
34	452	114	79.86	566
35	470	86	84.53	556
36	448	82	84.53	530
37	454	92	83.15	546
38	422	107	79.77	529
39	428	103	80.60	531
40	446	100	81.68	546
41	453	103	81.47	556
42	403	71	85.02	474
43	456	83	84.60	539
44	401	85	82.51	486
45	420	77	84.51	497
46	437	104	80.78	541
47	394	110	78.17	504
48	422	99	81.00	521
49	412	99	80.63	511
50	420	100	80.77	520
51	376	95	79.83	471
52	432	85	83.56	517
53	369	102	78.34	471
54	341	98	77.68	439
55	350	81	81.21	431
56	349	74	82.51	423
57	359	93	79.42	452
58	371	77	82.81	448
59	336	82	80.38	418
60	346	87	79.91	433
61	317	68	82.34	385
62	338	97	77.70	435
63	335	86	79.57	421
64	364	82	81.61	446
65	353	80	81.52	433
66	276	62	81.66	338
67	284	69	80.45	353
68	311	86	78.34	397
69	280	62	81.87	342
70	285	62	82.13	347
71	267	64	80.66	331
72	245	63	79.55	308
73	263	54	82.97	317
74	199	61	76.54	260
75	195	43	81.93	238
76	204	58	77.86	262
77	228	42	84.44	270
78	177	45	79.73	222
79	207	48	81.18	255
80	178	37	82.79	215
81	89	15	85.58	104

CHG context (R2)
================
position	count methylated	count unmethylated	% methylation	coverage
1	207	2704	7.11	2911
2	141	2635	5.08	2776
3	56	2602	2.11	2658
4	27	2517	1.06	2544
5	24	2498	0.95	2522
6	14	2650	0.53	2664
7	17	2546	0.66	2563
8	11	2575	0.43	2586
9	12	2675	0.45	2687
10	11	2587	0.42	2598
11	10	2533	0.39	2543
12	5	2616	0.19	2621
13	4	2530	0.16	2534
14	5	2517	0.20	2522
15	5	2567	0.19	2572
16	11	2427	0.45	2438
17	9	2549	0.35	2558
18	13	2554	0.51	2567
19	10	2433	0.41	2443
20	9	2481	0.36	2490
21	13	2504	0.52	2517
22	8	2483	0.32	2491
23	14	2493	0.56	2507
24	8	2530	0.32	2538
25	5	2561	0.19	2566
26	10	2571	0.39	2581
27	3	2594	0.12	2597
28	10	2516	0.40	2526
29	5	2514	0.20	2519
30	7	2542	0.27	2549
31	8	2483	0.32	2491
32	8	2478	0.32	2486
33	9	2475	0.36	2484
34	4	2414	0.17	2418
35	7	2381	0.29	2388
36	13	2476	0.52	2489
37	6	2360	0.25	2366
38	9	2407	0.37	2416
39	10	2432	0.41	2442
40	7	2407	0.29	2414
41	10	2348	0.42	2358
42	8	2457	0.32	2465
43	12	2403	0.50	2415
44	4	2415	0.17	2419
45	12	2380	0.50	2392
46	7	2330	0.30	2337
47	4	2274	0.18	2278
48	13	2323	0.56	2336
49	7	2312	0.30	2319
50	6	2292	0.26	2298
51	7	2282	0.31	2289
52	6	2207	0.27	2213
53	8	2114	0.38	2122
54	12	2091	0.57	2103
55	6	2184	0.27	2190
56	10	2056	0.48	2066
57	11	2077	0.53	2088
58	9	2009	0.45	2018
59	8	1968	0.40	1976
60	3	1863	0.16	1866
61	6	1857	0.32	1863
62	8	1800	0.44	1808
63	8	1768	0.45	1776
64	6	1865	0.32	1871
65	4	1809	0.22	1813
66	7	1804	0.39	1811
67	4	1665	0.24	1669
68	8	1594	0.50	1602
69	6	1604	0.37	1610
70	4	1606	0.25	1610
71	5	1481	0.34	1486
72	3	1386	0.22	1389
73	7	1419	0.49	1426
74	6	1287	0.46	1293
75	6	1250	0.48	1256
76	4	1193	0.33	1197
77	5	1103	0.45	1108
78	6	1041	0.57	1047
79	2	1013	0.20	1015
80	1	904	0.11	905
81	3	476	0.63	479

CHH context (R2)
================
position	count methylated	count unmethylated	% methylation	coverage
1	798	8736	8.37	9534
2	552	8854	5.87	9406
3	332	8773	3.65	9105
4	220	8642	2.48	8862
5	116	8581	1.33	8697
6	91	8593	1.05	8684
7	65	8607	0.75	8672
8	52	8553	0.60	8605
9	43	8639	0.50	8682
10	35	8725	0.40	8760
11	21	8681	0.24	8702
12	33	8497	0.39	8530
13	36	8436	0.42	8472
14	34	8266	0.41	8300
15	26	8258	0.31	8284
16	26	8459	0.31	8485
17	37	8454	0.44	8491
18	32	8475	0.38	8507
19	34	8339	0.41	8373
20	29	8450	0.34	8479
21	33	8411	0.39	8444
22	21	8340	0.25	8361
23	30	8291	0.36	8321
24	27	8145	0.33	8172
25	34	8366	0.40	8400
26	34	8391	0.40	8425
27	34	8387	0.40	8421
28	32	8299	0.38	8331
29	27	8278	0.33	8305
30	41	8284	0.49	8325
31	38	8307	0.46	8345
32	32	8247	0.39	8279
33	19	8447	0.22	8466
34	27	8238	0.33	8265
35	24	8314	0.29	8338
36	17	8182	0.21	8199
37	34	8214	0.41	8248
38	43	8310	0.51	8353
39	33	8261	0.40	8294
40	18	8226	0.22	8244
41	26	8287	0.31	8313
42	19	8188	0.23	8207
43	24	8133	0.29	8157
44	25	7904	0.32	7929
45	23	7894	0.29	7917
46	21	7871	0.27	7892
47	22	7771	0.28	7793
48	20	7797	0.26	7817
49	16	7711	0.21	7727
50	31	7668	0.40	7699
51	25	7697	0.32	7722
52	23	7552	0.30	7575
53	21	7431	0.28	7452
54	28	7316	0.38	7344
55	27	7091	0.38	7118
56	21	7088	0.30	7109
57	21	6837	0.31	6858
58	22	6791	0.32	6813
59	17	6686	0.25	6703
60	21	6668	0.31	6689
61	19	6603	0.29	6622
62	14	6398	0.22	6412
63	22	6144	0.36	6166
64	21	6013	0.35	6034
65	22	5941	0.37	5963
66	15	5864	0.26	5879
67	20	5794	0.34	5814
68	15	5468	0.27	5483
69	23	5379	0.43	5402
70	16	5227	0.31	5243
71	22	4923	0.44	4945
72	12	4966	0.24	4978
73	14	4482	0.31	4496
74	16	4395	0.36	4411
75	17	4298	0.39	4315
76	17	3967	0.43	3984
77	19	3772	0.50	3791
78	19	3571	0.53	3590
79	17	3454	0.49	3471
80	12	3187	0.38	3199
81	13	1537	0.84	1550

