CpG context (R1)
================
position	count methylated	count unmethylated	% methylation	coverage
1	391	86	81.97	477
2	352	96	78.57	448
3	373	93	80.04	466
4	384	99	79.50	483
5	408	111	78.61	519
6	427	104	80.41	531
7	444	83	84.25	527
8	440	91	82.86	531
9	457	112	80.32	569
10	454	114	79.93	568
11	495	88	84.91	583
12	456	94	82.91	550
13	468	104	81.82	572
14	471	121	79.56	592
15	474	101	82.43	575
16	471	112	80.79	583
17	442	112	79.78	554
18	444	111	80.00	555
19	460	98	82.44	558
20	443	107	80.55	550
21	426	117	78.45	543
22	441	109	80.18	550
23	477	95	83.39	572
24	465	97	82.74	562
25	438	106	80.51	544
26	445	113	79.75	558
27	438	116	79.06	554
28	446	109	80.36	555
29	462	118	79.66	580
30	454	94	82.85	548
31	483	90	84.29	573
32	411	114	78.29	525
33	406	110	78.68	516
34	413	112	78.67	525
35	438	106	80.51	544
36	433	105	80.48	538
37	418	116	78.28	534
38	417	97	81.13	514
39	413	98	80.82	511
40	418	99	80.85	517
41	420	117	78.21	537
42	428	98	81.37	526
43	446	106	80.80	552
44	429	102	80.79	531
45	447	100	81.72	547
46	422	103	80.38	525
47	422	99	81.00	521
48	386	112	77.51	498
49	419	109	79.36	528
50	433	106	80.33	539
51	452	98	82.18	550
52	449	105	81.05	554
53	452	122	78.75	574
54	406	94	81.20	500
55	445	112	79.89	557
56	427	98	81.33	525
57	430	99	81.29	529
58	402	89	81.87	491
59	416	120	77.61	536
60	438	108	80.22	546
61	437	101	81.23	538
62	410	104	79.77	514
63	440	114	79.42	554
64	385	101	79.22	486
65	426	103	80.53	529
66	438	122	78.21	560
67	407	91	81.73	498
68	422	111	79.17	533
69	422	104	80.23	526
70	406	104	79.61	510
71	443	103	81.14	546
72	427	124	77.50	551
73	403	107	79.02	510
74	415	102	80.27	517
75	456	111	80.42	567
76	426	114	78.89	540
77	411	113	78.44	524
78	446	125	78.11	571
79	421	111	79.14	532
80	452	120	79.02	572
81	427	107	79.96	534
82	402	126	76.14	528
83	436	114	79.27	550
84	394	109	78.33	503
85	443	123	78.27	566
86	458	117	79.65	575
87	416	119	77.76	535
88	423	141	75.00	564
89	359	113	76.06	472
90	410	106	79.46	516
91	426	101	80.83	527
92	344	100	77.48	444
93	232	72	76.32	304

CHG context (R1)
================
position	count methylated	count unmethylated	% methylation	coverage
1	8	2102	0.38	2110
2	6	2141	0.28	2147
3	7	2140	0.33	2147
4	2	2294	0.09	2296
5	12	2430	0.49	2442
6	9	2438	0.37	2447
7	8	2596	0.31	2604
8	3	2379	0.13	2382
9	16	2470	0.64	2486
10	5	2494	0.20	2499
11	5	2469	0.20	2474
12	5	2578	0.19	2583
13	6	2449	0.24	2455
14	6	2497	0.24	2503
15	5	2485	0.20	2490
16	7	2407	0.29	2414
17	6	2388	0.25	2394
18	7	2435	0.29	2442
19	5	2556	0.20	2561
20	8	2512	0.32	2520
21	8	2514	0.32	2522
22	8	2478	0.32	2486
23	8	2521	0.32	2529
24	7	2505	0.28	2512
25	8	2332	0.34	2340
26	3	2434	0.12	2437
27	8	2540	0.31	2548
28	1	2493	0.04	2494
29	4	2505	0.16	2509
30	2	2360	0.08	2362
31	8	2421	0.33	2429
32	12	2409	0.50	2421
33	14	2446	0.57	2460
34	6	2453	0.24	2459
35	10	2415	0.41	2425
36	10	2361	0.42	2371
37	7	2477	0.28	2484
38	8	2421	0.33	2429
39	6	2432	0.25	2438
40	4	2551	0.16	2555
41	9	2448	0.37	2457
42	8	2284	0.35	2292
43	9	2563	0.35	2572
44	4	2398	0.17	2402
45	5	2432	0.21	2437
46	6	2359	0.25	2365
47	8	2388	0.33	2396
48	8	2449	0.33	2457
49	6	2423	0.25	2429
50	6	2404	0.25	2410
51	10	2513	0.40	2523
52	9	2513	0.36	2522
53	5	2348	0.21	2353
54	6	2392	0.25	2398
55	5	2337	0.21	2342
56	8	2398	0.33	2406
57	10	2313	0.43	2323
58	8	2409	0.33	2417
59	7	2433	0.29	2440
60	4	2514	0.16	2518
61	8	2393	0.33	2401
62	6	2438	0.25	2444
63	7	2522	0.28	2529
64	5	2467	0.20	2472
65	10	2462	0.40	2472
66	11	2400	0.46	2411
67	8	2370	0.34	2378
68	6	2455	0.24	2461
69	5	2392	0.21	2397
70	6	2432	0.25	2438
71	4	2474	0.16	2478
72	3	2350	0.13	2353
73	9	2378	0.38	2387
74	10	2444	0.41	2454
75	12	2445	0.49	2457
76	9	2455	0.37	2464
77	7	2419	0.29	2426
78	8	2418	0.33	2426
79	13	2519	0.51	2532
80	9	2549	0.35	2558
81	5	2411	0.21	2416
82	6	2452	0.24	2458
83	12	2436	0.49	2448
84	15	2450	0.61	2465
85	11	2454	0.45	2465
86	3	2388	0.13	2391
87	14	2392	0.58	2406
88	11	2526	0.43	2537
89	13	2419	0.53	2432
90	8	2339	0.34	2347
91	8	2356	0.34	2364
92	7	2101	0.33	2108
93	4	1269	0.31	1273

CHH context (R1)
================
position	count methylated	count unmethylated	% methylation	coverage
1	23	6952	0.33	6975
2	23	6990	0.33	7013
3	27	6736	0.40	6763
4	14	7148	0.20	7162
5	19	7672	0.25	7691
6	21	8143	0.26	8164
7	25	8504	0.29	8529
8	19	8326	0.23	8345
9	14	8471	0.16	8485
10	27	8236	0.33	8263
11	18	8318	0.22	8336
12	28	8216	0.34	8244
13	15	8418	0.18	8433
14	26	8352	0.31	8378
15	23	8328	0.28	8351
16	25	8310	0.30	8335
17	31	8476	0.36	8507
18	20	8436	0.24	8456
19	21	8549	0.25	8570
20	23	8492	0.27	8515
21	30	8460	0.35	8490
22	13	8364	0.16	8377
23	20	8447	0.24	8467
24	19	8514	0.22	8533
25	28	8640	0.32	8668
26	18	8701	0.21	8719
27	21	8597	0.24	8618
28	22	8639	0.25	8661
29	24	8470	0.28	8494
30	24	8549	0.28	8573
31	23	8602	0.27	8625
32	19	8106	0.23	8125
33	26	8242	0.31	8268
34	29	8274	0.35	8303
35	23	8428	0.27	8451
36	17	8580	0.20	8597
37	23	8526	0.27	8549
38	34	8739	0.39	8773
39	18	8348	0.22	8366
40	14	8266	0.17	8280
41	32	8093	0.39	8125
42	24	8234	0.29	8258
43	22	8193	0.27	8215
44	22	8292	0.26	8314
45	17	8346	0.20	8363
46	26	8398	0.31	8424
47	26	8422	0.31	8448
48	28	8463	0.33	8491
49	24	8237	0.29	8261
50	33	8398	0.39	8431
51	24	8301	0.29	8325
52	19	8293	0.23	8312
53	16	8396	0.19	8412
54	22	8500	0.26	8522
55	21	8492	0.25	8513
56	19	8546	0.22	8565
57	24	8584	0.28	8608
58	15	8721	0.17	8736
59	30	8277	0.36	8307
60	17	8216	0.21	8233
61	29	8267	0.35	8296
62	25	8214	0.30	8239
63	24	8285	0.29	8309
64	30	8322	0.36	8352
65	24	8311	0.29	8335
66	32	8324	0.38	8356
67	25	8279	0.30	8304
68	28	8342	0.33	8370
69	25	8522	0.29	8547
70	26	8363	0.31	8389
71	23	8404	0.27	8427
72	19	8151	0.23	8170
73	26	8116	0.32	8142
74	27	8255	0.33	8282
75	12	8262	0.15	8274
76	30	8310	0.36	8340
77	27	8492	0.32	8519
78	32	8471	0.38	8503
79	28	8446	0.33	8474
80	26	8390	0.31	8416
81	31	8487	0.36	8518
82	38	8242	0.46	8280
83	27	8241	0.33	8268
84	32	8411	0.38	8443
85	27	8351	0.32	8378
86	41	8520	0.48	8561
87	43	8593	0.50	8636
88	37	8447	0.44	8484
89	57	8434	0.67	8491
90	47	8220	0.57	8267
91	44	8089	0.54	8133
92	34	7366	0.46	7400
93	32	5010	0.63	5042

CpG context (R2)
================
position	count methylated	count unmethylated	% methylation	coverage
1	447	116	79.40	563
2	430	95	81.90	525
3	475	108	81.48	583
4	460	106	81.27	566
5	509	109	82.36	618
6	476	88	84.40	564
7	487	114	81.03	601
8	483	110	81.45	593
9	498	111	81.77	609
10	454	98	82.25	552
11	483	103	82.42	586
12	458	108	80.92	566
13	492	103	82.69	595
14	470	117	80.07	587
15	458	114	80.07	572
16	400	81	83.16	481
17	435	114	79.23	549
18	423	103	80.42	526
19	506	99	83.64	605
20	397	105	79.08	502
21	457	88	83.85	545
22	458	102	81.79	560
23	443	111	79.96	554
24	423	88	82.78	511
25	428	112	79.26	540
26	429	96	81.71	525
27	407	104	79.65	511
28	396	97	80.32	493
29	374	95	79.74	469
30	386	99	79.59	485
31	393	104	79.07	497
32	371	92	80.13	463
33	365	100	78.49	465
34	379	77	83.11	456
35	405	92	81.49	497
36	399	101	79.80	500
37	394	82	82.77	476
38	369	89	80.57	458
39	369	100	78.68	469
40	329	94	77.78	423
41	369	87	80.92	456
42	354	81	81.38	435
43	339	106	76.18	445
44	327	107	75.35	434
45	325	99	76.65	424
46	323	78	80.55	401
47	336	82	80.38	418
48	310	88	77.89	398
49	321	72	81.68	393
50	331	81	80.34	412
51	313	87	78.25	400
52	298	84	78.01	382
53	271	88	75.49	359
54	274	72	79.19	346
55	298	76	79.68	374
56	277	61	81.95	338
57	275	72	79.25	347
58	258	72	78.18	330
59	250	69	78.37	319
60	275	66	80.65	341
61	253	60	80.83	313
62	245	64	79.29	309
63	206	84	71.03	290
64	240	56	81.08	296
65	230	68	77.18	298
66	195	61	76.17	256
67	231	64	78.31	295
68	189	56	77.14	245
69	182	54	77.12	236
70	174	48	78.38	222
71	182	44	80.53	226
72	185	54	77.41	239
73	161	33	82.99	194
74	144	39	78.69	183
75	136	47	74.32	183
76	140	40	77.78	180
77	77	18	81.05	95

CHG context (R2)
================
position	count methylated	count unmethylated	% methylation	coverage
1	68	2420	2.73	2488
2	54	2516	2.10	2570
3	15	2419	0.62	2434
4	13	2381	0.54	2394
5	12	2319	0.51	2331
6	5	2387	0.21	2392
7	8	2479	0.32	2487
8	7	2396	0.29	2403
9	11	2391	0.46	2402
10	8	2466	0.32	2474
11	12	2378	0.50	2390
12	6	2480	0.24	2486
13	4	2472	0.16	2476
14	7	2345	0.30	2352
15	9	2290	0.39	2299
16	4	2410	0.17	2414
17	8	2229	0.36	2237
18	6	2305	0.26	2311
19	4	2319	0.17	2323
20	7	2285	0.31	2292
21	6	2229	0.27	2235
22	5	2327	0.21	2332
23	10	2377	0.42	2387
24	8	2341	0.34	2349
25	6	2303	0.26	2309
26	11	2298	0.48	2309
27	5	2278	0.22	2283
28	6	2247	0.27	2253
29	3	2188	0.14	2191
30	7	2261	0.31	2268
31	8	2180	0.37	2188
32	10	2161	0.46	2171
33	3	2166	0.14	2169
34	6	2140	0.28	2146
35	6	2159	0.28	2165
36	11	2097	0.52	2108
37	6	2135	0.28	2141
38	6	2085	0.29	2091
39	11	1988	0.55	1999
40	6	2083	0.29	2089
41	5	2000	0.25	2005
42	11	2089	0.52	2100
43	11	2035	0.54	2046
44	4	1980	0.20	1984
45	3	1968	0.15	1971
46	5	1920	0.26	1925
47	13	1998	0.65	2011
48	4	1889	0.21	1893
49	7	1837	0.38	1844
50	8	1789	0.45	1797
51	7	1803	0.39	1810
52	6	1776	0.34	1782
53	4	1743	0.23	1747
54	2	1663	0.12	1665
55	5	1711	0.29	1716
56	4	1658	0.24	1662
57	6	1555	0.38	1561
58	7	1624	0.43	1631
59	8	1530	0.52	1538
60	4	1515	0.26	1519
61	5	1392	0.36	1397
62	4	1362	0.29	1366
63	5	1403	0.36	1408
64	2	1336	0.15	1338
65	3	1293	0.23	1296
66	2	1246	0.16	1248
67	3	1225	0.24	1228
68	3	1128	0.27	1131
69	5	1054	0.47	1059
70	4	1064	0.37	1068
71	3	1026	0.29	1029
72	3	1019	0.29	1022
73	1	901	0.11	902
74	2	885	0.23	887
75	4	893	0.45	897
76	3	820	0.36	823
77	1	447	0.22	448

CHH context (R2)
================
position	count methylated	count unmethylated	% methylation	coverage
1	345	8043	4.11	8388
2	216	7971	2.64	8187
3	126	8154	1.52	8280
4	61	8136	0.74	8197
5	39	8173	0.47	8212
6	31	8119	0.38	8150
7	30	8184	0.37	8214
8	23	8137	0.28	8160
9	14	8318	0.17	8332
10	23	8133	0.28	8156
11	27	7979	0.34	8006
12	17	8001	0.21	8018
13	15	7970	0.19	7985
14	22	7926	0.28	7948
15	21	8012	0.26	8033
16	17	7958	0.21	7975
17	14	8072	0.17	8086
18	17	7898	0.21	7915
19	14	7976	0.18	7990
20	20	7802	0.26	7822
21	27	7639	0.35	7666
22	26	7655	0.34	7681
23	17	7462	0.23	7479
24	19	7622	0.25	7641
25	18	7769	0.23	7787
26	21	7569	0.28	7590
27	20	7698	0.26	7718
28	20	7634	0.26	7654
29	16	7480	0.21	7496
30	22	7475	0.29	7497
31	27	7624	0.35	7651
32	24	7544	0.32	7568
33	19	7483	0.25	7502
34	22	7493	0.29	7515
35	14	7251	0.19	7265
36	18	7349	0.24	7367
37	20	7333	0.27	7353
38	19	7446	0.25	7465
39	24	7378	0.32	7402
40	14	7275	0.19	7289
41	25	7099	0.35	7124
42	19	7051	0.27	7070
43	18	6954	0.26	6972
44	22	6889	0.32	6911
45	17	6741	0.25	6758
46	22	6801	0.32	6823
47	11	6503	0.17	6514
48	17	6626	0.26	6643
49	18	6448	0.28	6466
50	15	6439	0.23	6454
51	16	6279	0.25	6295
52	13	6152	0.21	6165
53	16	5976	0.27	5992
54	19	5952	0.32	5971
55	13	5758	0.23	5771
56	14	5499	0.25	5513
57	22	5431	0.40	5453
58	13	5398	0.24	5411
59	14	5353	0.26	5367
60	12	5082	0.24	5094
61	12	5110	0.23	5122
62	14	4950	0.28	4964
63	13	4801	0.27	4814
64	16	4662	0.34	4678
65	15	4442	0.34	4457
66	14	4270	0.33	4284
67	13	4208	0.31	4221
68	14	4027	0.35	4041
69	9	3866	0.23	3875
70	5	3620	0.14	3625
71	15	3499	0.43	3514
72	9	3406	0.26	3415
73	13	3304	0.39	3317
74	7	3101	0.23	3108
75	9	2939	0.31	2948
76	4	2734	0.15	2738
77	2	1316	0.15	1318

